    1.0200
    1.1360
    0.9240
    0.9790
    1.0440
    1.1730
    0.8770
    1.0400
    0.8530
    0.8760
    0.9490
    0.9000
    1.0290
    0.9750
    1.3010
    1.0810
    0.9510
    0.9200
    1.0670
    1.2490
    0.8080
    0.9940
    0.9640
    0.8440
    1.0420
    1.1260
    0.8160
    1.0380
    1.1210
    1.0320
    1.0440
    1.0050
    0.8830
    0.9920
    1.0300
    0.9150
    1.0880
    1.1010
    0.9770
    1.0640
    0.9830
    0.8810
    0.9390
    1.0960
    0.9900
    1.0280
    0.9240
    0.9600
    0.9940
    0.9010
    0.9210
    1.1080
    1.0360
    1.0650
    0.9300
    0.9790
    0.9000
    1.0380
    1.0440
    0.9830
    0.9340
    1.2120
    1.0200
    0.9450
    0.9490
    0.8740
    1.2320
    1.1460
    1.1530
    0.9600
    1.1190
    0.9850
    1.0790
    0.9680
    1.0330
    0.9060
    0.8880
    0.9530
    0.8750
    0.9580
    1.1070
    1.2030
    1.0630
    0.9650
    1.0180
    1.1180
    1.0450
    0.9980
    1.1870
    1.0270
    0.8480
    1.0390
    1.1160
    1.0460
    1.0430
    1.0580
    1.1050
    0.9230
    1.0690
    1.0970
