    1.0100
    1.1250
    0.9150
    0.9690
    1.0340
    1.1610
    0.8690
    1.0300
    0.8440
    0.8670
    0.9400
    0.8910
    1.0190
    0.9650
    1.2880
    1.0710
    0.9420
    0.9100
    1.0570
    1.2370
    0.8000
    0.9840
    0.9540
    0.8360
    1.0320
    1.1140
    0.8080
    1.0270
    1.1100
    1.0220
    1.0330
    0.9950
    0.8740
    0.9820
    1.0200
    0.9060
    1.0770
    1.0900
    0.9670
    1.0530
    0.9730
    0.8720
    0.9300
    1.0850
    0.9800
    1.0180
    0.9150
    0.9500
    0.9850
    0.8920
    0.9120
    1.0970
    1.0250
    1.0540
    0.9210
    0.9690
    0.8910
    1.0270
    1.0340
    0.9730
    0.9250
    1.2000
    1.0100
    0.9350
    0.9400
    0.8650
    1.2200
    1.1340
    1.1410
    0.9500
    1.1080
    0.9750
    1.0680
    0.9580
    1.0220
    0.8970
    0.8790
    0.9430
    0.8660
    0.9490
    1.0960
    1.1910
    1.0520
    0.9550
    1.0080
    1.1070
    1.0350
    0.9880
    1.1750
    1.0160
    0.8400
    1.0290
    1.1050
    1.0360
    1.0320
    1.0480
    1.0940
    0.9140
    1.0580
    1.0860
