    2     0.0243    0.0000    0.1776    0.0625   -0.0724   -0.2500
    3    -0.0421    0.0027    0.0747   -0.1111   -0.0724   -0.2500
    4     0.0056    0.0374    0.0314   -0.1719   -0.0724   -0.2500
    5    -0.0239    0.0371    0.0077   -0.2000   -0.0724   -0.2500
   10    -0.0042    0.0601   -0.0351   -0.2375   -0.0724   -0.2500
   15    -0.0394    0.1442   -0.0481   -0.2444   -0.0724   -0.2500
   25    -0.0503    0.1259   -0.0581   -0.2480   -0.0724   -0.2500
   50    -0.0609    0.1464   -0.0653   -0.2495   -0.0724   -0.2500
  100    -0.0581    0.2294   -0.0689   -0.2499   -0.0724   -0.2500
 1000    -0.0691    0.2940   -0.0720   -0.2500   -0.0724   -0.2500
