-4.206	0.00745294	0.0017214	0.00582175
-3.222	0.0199376	0.0174372	0.0175874
-2.905	0.0273744	0.0318957	0.0251121
-2.776	0.0311436	0.0399802	0.0290288
-2.518	0.0403103	0.0606925	0.0387901
-2.385	0.0460445	0.0739281	0.0450421
-2.368	0.0468339	0.0757494	0.0459107
-2.281	0.051091	0.0855295	0.0506251
-2.25	0.0526996	0.089199	0.0524195
-1.759	0.0861085	0.158846	0.0910078
-1.726	0.0889975	0.164147	0.0944455
-1.712	0.0902522	0.166411	0.0959428
-1.579	0.103091	0.18827	0.111406
-1.505	0.111009	0.200591	0.121065
-1.476	0.114275	0.205424	0.125075
-1.475	0.114389	0.205591	0.125215
-1.378	0.126041	0.221686	0.139633
-1.34	0.130923	0.227926	0.145724
-1.194	0.151503	0.251244	0.171701
-1.151	0.15816	0.257833	0.1802
-1.144	0.159271	0.258891	0.181623
-1.011	0.181927	0.278042	0.210896
-0.95	0.193371	0.286125	0.225857
-0.874	0.20864	0.295463	0.245991
-0.843	0.215209	0.299016	0.254709
-0.81	0.222429	0.302626	0.264331
-0.798	0.225114	0.303893	0.267919
-0.787	0.227604	0.305033	0.271251
-0.783	0.228516	0.305442	0.272472
-0.768	0.23197	0.306951	0.277103
-0.633	0.265498	0.318639	0.32249
-0.632	0.265764	0.318712	0.322852
-0.621	0.268703	0.319505	0.326867
-0.61	0.271675	0.320273	0.330932
-0.603	0.273584	0.320749	0.333545
-0.576	0.281071	0.322489	0.343818
-0.552	0.287899	0.323907	0.353216
-0.533	0.293421	0.324942	0.360837
-0.486	0.307541	0.327168	0.380404
-0.442	0.321375	0.328811	0.399682
-0.441	0.321696	0.328843	0.400132
-0.424	0.327212	0.329359	0.407848
-0.424	0.327212	0.329359	0.407848
-0.402	0.33449	0.32993	0.418055
-0.392	0.337852	0.330154	0.422778
-0.339	0.356241	0.33096	0.448719
-0.282	0.377137	0.331113	0.478396
-0.275	0.379786	0.331081	0.482174
-0.194	0.411829	0.329897	0.528114
-0.157	0.427352	0.328862	0.550531
-0.121	0.443017	0.327562	0.550531
-0.091	0.456509	0.32626	0.532284
-0.071	0.465731	0.325282	0.520456
-0.071	0.465731	0.325282	0.520456
-0.07	0.466197	0.325231	0.519872
-0.061	0.470412	0.324761	0.514641
-0.043	0.478956	0.323769	0.504338
-0.03	0.485223	0.32301	0.497025
-0.014	0.493049	0.322026	0.48817
0	0.5	0.321121	0.480551
0.05	0.475615	0.31756	0.454299
0.058	0.471825	0.316943	0.450234
0.078	0.462482	0.315345	0.440229
0.101	0.451967	0.313411	0.428999
0.149	0.430785	0.30905	0.406475
0.195	0.411417	0.304474	0.386001
0.203	0.408139	0.30364	0.382547
0.226	0.398859	0.30118	0.372788
0.228	0.398062	0.300962	0.371951
0.274	0.380166	0.295764	0.353216
0.277	0.379027	0.295413	0.352027
0.284	0.376383	0.294589	0.349269
0.294	0.372638	0.293399	0.345367
0.342	0.355174	0.287475	0.327234
0.381	0.341589	0.28242	0.313205
0.4	0.33516	0.279884	0.30659
0.417	0.32951	0.277575	0.300789
0.504	0.302055	0.265226	0.272779
0.507	0.30115	0.264785	0.271861
0.559	0.28589	0.257012	0.256432
0.562	0.285034	0.256556	0.255569
0.652	0.260501	0.242544	0.23099
0.661	0.258167	0.241111	0.228666
0.669	0.25611	0.239834	0.22662
0.681	0.253055	0.237911	0.223585
0.686	0.251793	0.237107	0.222332
0.69	0.250788	0.236463	0.221335
0.731	0.240714	0.229817	0.211371
0.732	0.240473	0.229654	0.211133
0.754	0.23524	0.226056	0.205978
0.852	0.21328	0.209851	0.184502
1.071	0.171333	0.173511	0.144258
1.097	0.166936	0.169266	0.140105
1.221	0.147468	0.149446	0.121884
1.251	0.143109	0.144779	0.117844
1.44	0.118464	0.116875	0.0952982
2.006	0.0672629	0.0531273	0.0504548
2.224	0.0540878	0.0369716	0.0394937
2.528	0.0399092	0.0211136	0.0280666
3.658	0.012892	0.00150569	0.00788499
