-3.013	0.00426197	0.00347195	0.0133891
-2.451	0.0197888	0.0181023	0.0282907
-2.389	0.0229922	0.0212621	0.0307246
-1.762	0.0844783	0.0853084	0.0707874
-1.707	0.0929342	0.0943968	0.0761643
-1.558	0.118526	0.122124	0.0928728
-1.42	0.145564	0.151678	0.111601
-1.381	0.153736	0.160647	0.117547
-1.319	0.167157	0.175405	0.12766
-1.234	0.186315	0.196509	0.142953
-1.191	0.196287	0.207505	0.151374
-1.101	0.217613	0.231025	0.17064
-1.1	0.217852	0.23129	0.170867
-1.07	0.22506	0.239235	0.177829
-0.973	0.248502	0.26504	0.202338
-0.955	0.252852	0.269819	0.207245
-0.922	0.260805	0.278547	0.216551
-0.81	0.287369	0.307568	0.251367
-0.727	0.306296	0.328073	0.280731
-0.696	0.313127	0.335425	0.292558
-0.684	0.31573	0.338219	0.297269
-0.68	0.316593	0.339143	0.298856
-0.65	0.322972	0.345964	0.311032
-0.647	0.323601	0.346635	0.312276
-0.646	0.323811	0.346858	0.312692
-0.637	0.325686	0.348855	0.316461
-0.599	0.333424	0.357063	0.33288
-0.575	0.338155	0.362049	0.343686
-0.535	0.345746	0.369994	0.362482
-0.524	0.347766	0.372095	0.367829
-0.481	0.355362	0.379935	0.389497
-0.453	0.360039	0.384707	0.404288
-0.433	0.363243	0.387948	0.415196
-0.405	0.36753	0.392241	0.430963
-0.401	0.368123	0.39283	0.433264
-0.396	0.368857	0.393558	0.436157
-0.385	0.370445	0.395127	0.44259
-0.38	0.371154	0.395825	0.445546
-0.371	0.37241	0.397056	0.450916
-0.337	0.37692	0.40142	0.471792
-0.328	0.378049	0.402498	0.477478
-0.319	0.379152	0.403542	0.483233
-0.314	0.379752	0.404108	0.48646
-0.251	0.386571	0.410337	0.529014
-0.215	0.389827	0.413129	0.554982
-0.203	0.390806	0.413932	0.563918
-0.196	0.391353	0.414371	0.569197
-0.195	0.391429	0.414432	0.569956
-0.166	0.393483	0.416004	0.592388
-0.094	0.397184	0.418257	0.651973
-0.063	0.398151	0.418494	0.651973
-0.04	0.398623	0.418385	0.632314
-0.035	0.398698	0.418329	0.62812
-0.02	0.398862	0.418091	0.615703
0	0.398942	0.417615	0.599527
0.031	0.398751	0.416514	0.575291
0.057	0.398295	0.415255	0.555721
0.07	0.397966	0.414511	0.546188
0.135	0.395323	0.409666	0.500916
0.139	0.395107	0.409308	0.498256
0.154	0.39424	0.407903	0.488406
0.168	0.393352	0.406505	0.479389
0.213	0.389994	0.401457	0.451516
0.259	0.385783	0.395449	0.424698
0.285	0.383065	0.39169	0.410251
0.293	0.38218	0.390482	0.405906
0.353	0.374845	0.380685	0.374748
0.374	0.371994	0.376961	0.364417
0.389	0.369872	0.374213	0.357213
0.427	0.364181	0.366932	0.339594
0.438	0.362453	0.364743	0.334657
0.471	0.357057	0.357968	0.320275
0.521	0.348311	0.347147	0.299653
0.544	0.344071	0.341964	0.290617
0.588	0.335608	0.331725	0.274085
0.589	0.335411	0.331488	0.27372
0.605	0.332222	0.327665	0.267952
0.643	0.324437	0.318401	0.254736
0.652	0.322552	0.316172	0.251702
0.679	0.316808	0.309413	0.242816
0.719	0.308073	0.299222	0.230226
0.76	0.298872	0.288597	0.217998
0.771	0.296366	0.285721	0.214829
0.837	0.28105	0.268307	0.19676
0.95	0.254059	0.238254	0.169283
0.993	0.243664	0.226884	0.159865
1.016	0.2381	0.220843	0.155045
1.024	0.236165	0.218749	0.153403
1.178	0.199333	0.179624	0.12497
1.207	0.192557	0.172575	0.120238
1.321	0.166717	0.146132	0.103309
1.42	0.145564	0.125019	0.0905534
1.429	0.14371	0.123192	0.089475
1.477	0.134028	0.113719	0.0839369
1.503	0.128935	0.10878	0.0810816
1.555	0.119081	0.0993153	0.075659
1.716	0.0915137	0.0735219	0.0610642
1.736	0.0884086	0.0706851	0.0594599
1.774	0.0827049	0.0655139	0.0565271
1.789	0.0805241	0.0635505	0.0554096
