    1.0700
    0.9840
    0.9500
    1.1000
    0.9150
    1.0300
    0.9260
    1.0000
    0.8790
    0.9550
    0.9020
    0.9790
    0.9510
    0.9600
    0.9360
    1.1000
    1.0600
    1.0100
    1.0400
    0.8850
    1.1200
    1.0200
    0.9050
    0.9850
    0.9650
    0.9120
    0.9580
    1.0200
    0.9260
    0.9520
    0.8240
    1.0700
    0.8860
    0.9530
    1.0700
    0.9330
    0.9380
    1.0100
    0.9600
    0.9920
    1.0300
    1.1900
    1.0300
    0.9290
    0.9900
    0.9820
    0.9260
    1.0900
    0.9920
    1.1000
    1.0600
    1.0700
    0.9950
    0.9320
    0.9950
    0.9790
    0.9300
    1.0500
    1.1100
    1.0400
    1.0200
    1.0800
    0.9260
    0.9370
    1.0400
    0.9180
    1.0800
    1.0300
    0.9560
    0.9200
    1.0200
    1.0600
    1.0700
    1.0200
    1.0100
    1.0700
    1.0200
    0.8260
    0.9600
    1.0700
    0.9450
    1.0100
    0.9830
    0.9700
    0.9860
    0.9780
    1.1800
    0.9590
    0.9750
    1.0200
    0.9910
    1.1200
    1.0900
    0.8690
    0.8960
    1.0500
    0.9910
    1.0100
    1.0500
    0.9670
