    1.0800
    0.9890
    0.9550
    1.1100
    0.9190
    1.0400
    0.9310
    1.0100
    0.8830
    0.9600
    0.9070
    0.9840
    0.9560
    0.9640
    0.9410
    1.1000
    1.0700
    1.0200
    1.0400
    0.8900
    1.1300
    1.0300
    0.9100
    0.9900
    0.9700
    0.9170
    0.9620
    1.0200
    0.9310
    0.9570
    0.8280
    1.0800
    0.8910
    0.9580
    1.0800
    0.9380
    0.9420
    1.0100
    0.9650
    0.9970
    1.0300
    1.1900
    1.0300
    0.9340
    0.9950
    0.9870
    0.9300
    1.1000
    0.9970
    1.1000
    1.0700
    1.0700
    1.0000
    0.9370
    1.0000
    0.9830
    0.9350
    1.0600
    1.1200
    1.0500
    1.0200
    1.0800
    0.9310
    0.9420
    1.0400
    0.9230
    1.0800
    1.0400
    0.9610
    0.9240
    1.0200
    1.0700
    1.0700
    1.0200
    1.0200
    1.0800
    1.0300
    0.8300
    0.9650
    1.0700
    0.9490
    1.0200
    0.9880
    0.9750
    0.9910
    0.9830
    1.1900
    0.9640
    0.9800
    1.0300
    0.9960
    1.1200
    1.0900
    0.8730
    0.9000
    1.0500
    0.9960
    1.0200
    1.0500
    0.9720
