           1.22	           1.29	           1.58	         -5.030	         42.058	          0.398	          0.943	          1.415	         -4.904	         41.697	       Laplace         Laplace     1.222	     0.294	     0.086	     0.585	     0.342	     0.398	    -0.057	     0.003	     0.415	     0.172	    -0.361
         -0.353	          0.657	          0.804	         -2.995	         40.101	         -0.228	          0.531	          0.797	         -3.182	         40.040	        Normal         Laplace    -0.353	    -0.343	     0.118	    -0.196	     0.038	    -0.228	    -0.469	     0.220	    -0.203	     0.041	    -0.061
          0.868	          0.396	          0.485	         -1.480	         38.644	          0.598	          0.284	          0.425	         -1.300	         38.230	       Laplace         Laplace     0.868	    -0.604	     0.364	    -0.515	     0.265	     0.598	    -0.716	     0.513	    -0.575	     0.330	    -0.414
         -0.892	           1.29	           1.58	         -5.021	         42.050	         -0.555	          1.035	          1.553	         -5.184	         41.965	        Normal         Laplace    -0.892	     0.290	     0.084	     0.580	     0.337	    -0.555	     0.035	     0.001	     0.553	     0.306	    -0.085
          -2.15	           2.18	           2.67	         -6.590	         43.559	         -0.769	          1.589	          2.384	         -6.469	         43.201	       Laplace         Laplace    -2.148	     1.177	     1.385	     1.666	     2.775	    -0.769	     0.589	     0.347	     1.384	     1.914	    -0.358
         -0.107	          0.211	          0.259	          0.408	         36.828	          0.041	          0.150	          0.225	          0.619	         36.385	       Laplace         Laplace    -0.107	    -0.789	     0.622	    -0.741	     0.550	     0.041	    -0.850	     0.723	    -0.775	     0.601	    -0.443
         -0.222	           1.04	           1.28	         -4.380	         41.433	         -0.013	          0.842	          1.263	         -4.564	         41.369	        Normal         Laplace    -0.222	     0.042	     0.002	     0.276	     0.076	    -0.013	    -0.158	     0.025	     0.263	     0.069	    -0.064
         -0.309	          0.737	          0.903	         -3.341	         40.434	          0.088	          0.556	          0.835	         -3.320	         40.173	       Laplace         Laplace    -0.309	    -0.263	     0.069	    -0.097	     0.009	     0.088	    -0.444	     0.197	    -0.165	     0.027	    -0.261
           1.11	          0.942	           1.15	         -4.077	         41.142	          1.734	          0.681	          1.021	         -3.925	         40.755	       Laplace         Laplace     1.114	    -0.058	     0.003	     0.154	     0.024	     1.734	    -0.319	     0.102	     0.021	     0.000	    -0.387
         -0.863	           1.58	           1.94	         -5.630	         42.635	         -0.412	          1.264	          1.896	         -5.782	         42.541	        Normal         Laplace    -0.863	     0.581	     0.337	     0.936	     0.876	    -0.412	     0.264	     0.070	     0.896	     0.803	    -0.094
          -2.43	           1.75	           2.14	         -5.931	         42.925	         -3.019	          1.386	          2.079	         -6.059	         42.807	        Normal         Laplace    -2.432	     0.748	     0.559	     1.140	     1.300	    -3.019	     0.386	     0.149	     1.079	     1.164	    -0.118
         0.0863	          0.203	          0.249	          0.524	         36.717	          0.056	          0.165	          0.247	          0.326	         36.666	        Normal         Laplace     0.086	    -0.797	     0.635	    -0.751	     0.564	     0.056	    -0.835	     0.697	    -0.752	     0.566	    -0.051
          -1.01	          0.892	           1.09	         -3.914	         40.985	         -0.437	          0.649	          0.974	         -3.782	         40.618	       Laplace         Laplace    -1.009	    -0.108	     0.012	     0.092	     0.009	    -0.437	    -0.351	     0.123	    -0.026	     0.001	    -0.367
          0.607	           1.21	           1.49	         -4.837	         41.872	         -0.100	          0.903	          1.354	         -4.772	         41.570	       Laplace         Laplace     0.607	     0.213	     0.045	     0.486	     0.236	    -0.100	    -0.097	     0.009	     0.354	     0.125	    -0.303
        -0.0613	          0.373	          0.457	         -1.300	         38.470	          0.173	          0.273	          0.409	         -1.185	         38.119	       Laplace         Laplace    -0.061	    -0.627	     0.393	    -0.543	     0.295	     0.173	    -0.727	     0.529	    -0.591	     0.349	    -0.351
         -0.156	          0.912	           1.12	         -3.982	         41.050	         -0.408	          0.731	          1.096	         -4.138	         40.960	        Normal         Laplace    -0.156	    -0.088	     0.008	     0.118	     0.014	    -0.408	    -0.269	     0.073	     0.096	     0.009	    -0.091
         -0.063	          0.451	          0.553	         -1.870	         39.019	          0.222	          0.330	          0.494	         -1.750	         38.663	       Laplace         Laplace    -0.063	    -0.549	     0.301	    -0.447	     0.200	     0.222	    -0.670	     0.449	    -0.506	     0.256	    -0.355
         -0.958	          0.253	          0.309	         -0.130	         37.345	         -0.894	          0.203	          0.304	         -0.296	         37.264	        Normal         Laplace    -0.958	    -0.747	     0.559	    -0.691	     0.477	    -0.894	    -0.797	     0.635	    -0.696	     0.484	    -0.081
         -0.116	           1.17	           1.43	         -4.723	         41.763	          0.307	          0.922	          1.383	         -4.836	         41.631	        Normal         Laplace    -0.116	     0.168	     0.028	     0.431	     0.186	     0.307	    -0.078	     0.006	     0.383	     0.147	    -0.133
         -0.286	           1.15	           1.41	         -4.672	         41.714	          0.232	          0.889	          1.333	         -4.725	         41.524	        Normal         Laplace    -0.286	     0.148	     0.022	     0.406	     0.165	     0.232	    -0.111	     0.012	     0.333	     0.111	    -0.189
          -1.27	           0.81	          0.993	         -3.626	         40.708	         -1.717	          0.609	          0.913	         -3.592	         40.434	       Laplace         Laplace    -1.269	    -0.190	     0.036	    -0.007	     0.000	    -1.717	    -0.391	     0.153	    -0.087	     0.007	    -0.274
         -0.542	          0.731	          0.895	         -3.317	         40.411	         -0.513	          0.597	          0.895	         -3.530	         40.375	        Normal         Laplace    -0.542	    -0.269	     0.072	    -0.105	     0.011	    -0.513	    -0.403	     0.163	    -0.105	     0.011	    -0.036
           1.34	          0.988	           1.21	         -4.220	         41.279	          1.997	          0.713	          1.070	         -4.065	         40.889	       Laplace         Laplace     1.344	    -0.012	     0.000	     0.210	     0.044	     1.997	    -0.287	     0.082	     0.070	     0.005	    -0.390
         -0.372	              1	           1.22	         -4.256	         41.314	          0.050	          0.779	          1.168	         -4.330	         41.144	        Normal         Laplace    -0.372	    -0.000	     0.000	     0.224	     0.050	     0.050	    -0.221	     0.049	     0.168	     0.028	    -0.169
         -0.772	           1.66	           2.04	         -5.781	         42.780	         -0.179	          1.313	          1.970	         -5.896	         42.651	        Normal         Laplace    -0.772	     0.662	     0.438	     1.035	     1.072	    -0.179	     0.313	     0.098	     0.970	     0.940	    -0.129
           1.86	           1.97	           2.42	         -6.294	         43.274	          2.045	          1.607	          2.410	         -6.503	         43.234	        Normal         Laplace     1.864	     0.972	     0.945	     1.416	     2.004	     2.045	     0.607	     0.368	     1.410	     1.990	    -0.041
         -0.063	           1.54	           1.88	         -5.543	         42.552	          0.247	          1.241	          1.861	         -5.726	         42.487	        Normal         Laplace    -0.063	     0.535	     0.286	     0.880	     0.775	     0.247	     0.241	     0.058	     0.861	     0.741	    -0.064
         -0.104	          0.284	          0.348	         -0.479	         37.681	          0.043	          0.216	          0.324	         -0.477	         37.439	       Laplace         Laplace    -0.104	    -0.716	     0.513	    -0.652	     0.426	     0.043	    -0.784	     0.615	    -0.676	     0.458	    -0.242
         0.0913	           0.53	          0.649	         -2.351	         39.482	          0.132	          0.432	          0.648	         -2.561	         39.443	        Normal         Laplace     0.091	    -0.470	     0.221	    -0.351	     0.123	     0.132	    -0.568	     0.323	    -0.352	     0.124	    -0.039
          0.758	           0.91	           1.11	         -3.973	         41.042	          0.372	          0.709	          1.063	         -4.046	         40.871	        Normal         Laplace     0.758	    -0.090	     0.008	     0.114	     0.013	     0.372	    -0.291	     0.085	     0.063	     0.004	    -0.171
         -0.111	          0.855	           1.05	         -3.786	         40.861	         -0.404	          0.677	          1.016	         -3.909	         40.739	        Normal         Laplace    -0.111	    -0.145	     0.021	     0.047	     0.002	    -0.404	    -0.323	     0.104	     0.016	     0.000	    -0.122
          0.356	          0.574	          0.703	         -2.590	         39.711	          0.438	          0.466	          0.699	         -2.789	         39.662	        Normal         Laplace     0.356	    -0.426	     0.182	    -0.297	     0.088	     0.438	    -0.534	     0.285	    -0.301	     0.091	    -0.049
           2.76	           2.33	           2.86	         -6.800	         43.761	          1.375	          1.729	          2.594	         -6.723	         43.445	       Laplace         Laplace     2.764	     1.335	     1.781	     1.859	     3.457	     1.375	     0.729	     0.532	     1.594	     2.541	    -0.315
          -0.58	          0.775	          0.949	         -3.493	         40.580	         -0.983	          0.589	          0.883	         -3.490	         40.336	       Laplace         Laplace    -0.580	    -0.225	     0.051	    -0.051	     0.003	    -0.983	    -0.411	     0.169	    -0.117	     0.014	    -0.244
          -1.24	           1.94	           2.37	         -6.244	         43.225	         -0.173	          1.458	          2.187	         -6.211	         42.953	       Laplace         Laplace    -1.242	     0.939	     0.882	     1.375	     1.891	    -0.173	     0.458	     0.210	     1.187	     1.409	    -0.272
          0.723	          0.537	          0.657	         -2.391	         39.520	          0.867	          0.430	          0.645	         -2.550	         39.432	        Normal         Laplace     0.723	    -0.463	     0.215	    -0.343	     0.117	     0.867	    -0.570	     0.325	    -0.355	     0.126	    -0.088
         -0.101	          0.494	          0.605	         -2.140	         39.279	          0.045	          0.394	          0.592	         -2.288	         39.180	        Normal         Laplace    -0.101	    -0.506	     0.256	    -0.395	     0.156	     0.045	    -0.606	     0.367	    -0.408	     0.167	    -0.099
         0.0347	           1.35	           1.65	         -5.148	         42.172	         -0.111	          1.096	          1.643	         -5.354	         42.129	        Normal         Laplace     0.035	     0.346	     0.120	     0.648	     0.420	    -0.111	     0.096	     0.009	     0.643	     0.414	    -0.043
         -0.811	            1.9	           2.33	         -6.182	         43.166	         -0.132	          1.501	          2.251	         -6.297	         43.036	        Normal         Laplace    -0.811	     0.900	     0.809	     1.327	     1.760	    -0.132	     0.501	     0.251	     1.251	     1.565	    -0.130
          0.766	          0.801	          0.981	         -3.591	         40.674	          0.605	          0.647	          0.971	         -3.775	         40.610	        Normal         Laplace     0.766	    -0.199	     0.040	    -0.019	     0.000	     0.605	    -0.353	     0.124	    -0.029	     0.001	    -0.064
          0.246	           1.75	           2.14	         -5.932	         42.926	         -0.741	          1.309	          1.963	         -5.886	         42.641	       Laplace         Laplace     0.246	     0.748	     0.560	     1.141	     1.302	    -0.741	     0.309	     0.095	     0.963	     0.927	    -0.285
          -2.32	           3.11	            3.8	         -7.656	         44.584	         -0.421	          2.287	          3.431	         -7.562	         44.252	       Laplace         Laplace    -2.315	     2.105	     4.431	     2.803	     7.856	    -0.421	     1.287	     1.657	     2.431	     5.910	    -0.332
          0.105	           0.22	          0.269	          0.290	         36.941	         -0.014	          0.166	          0.249	          0.314	         36.678	       Laplace         Laplace     0.105	    -0.780	     0.609	    -0.731	     0.534	    -0.014	    -0.834	     0.696	    -0.751	     0.565	    -0.264
          0.197	          0.517	          0.633	         -2.278	         39.412	          0.319	          0.416	          0.624	         -2.451	         39.337	        Normal         Laplace     0.197	    -0.483	     0.233	    -0.367	     0.134	     0.319	    -0.584	     0.341	    -0.376	     0.141	    -0.075
          0.467	           1.12	           1.38	         -4.609	         41.654	          0.890	          0.885	          1.328	         -4.714	         41.514	        Normal         Laplace     0.467	     0.125	     0.016	     0.378	     0.143	     0.890	    -0.115	     0.013	     0.328	     0.108	    -0.140
         -0.324	          0.978	            1.2	         -4.191	         41.252	          0.357	          0.695	          1.043	         -3.989	         40.817	       Laplace         Laplace    -0.324	    -0.022	     0.000	     0.198	     0.039	     0.357	    -0.305	     0.093	     0.043	     0.002	    -0.435
          0.942	           1.17	           1.44	         -4.740	         41.779	          0.123	          0.835	          1.252	         -4.537	         41.344	       Laplace         Laplace     0.942	     0.175	     0.031	     0.439	     0.193	     0.123	    -0.165	     0.027	     0.252	     0.064	    -0.436
        -0.0707	          0.423	          0.519	         -1.679	         38.835	          0.207	          0.306	          0.460	         -1.530	         38.451	       Laplace         Laplace    -0.071	    -0.577	     0.332	    -0.481	     0.232	     0.207	    -0.694	     0.481	    -0.540	     0.292	    -0.384
          0.369	          0.637	          0.781	         -2.906	         40.015	          0.149	          0.505	          0.757	         -3.028	         39.892	        Normal         Laplace     0.369	    -0.363	     0.132	    -0.219	     0.048	     0.149	    -0.495	     0.245	    -0.243	     0.059	    -0.123
          0.098	          0.692	          0.848	         -3.153	         40.253	          0.254	          0.558	          0.837	         -3.329	         40.182	        Normal         Laplace     0.098	    -0.308	     0.095	    -0.152	     0.023	     0.254	    -0.442	     0.195	    -0.163	     0.027	    -0.072
          0.113	           1.13	           1.39	         -4.626	         41.670	          0.847	          0.820	          1.230	         -4.485	         41.294	       Laplace         Laplace     0.113	     0.131	     0.017	     0.385	     0.148	     0.847	    -0.180	     0.032	     0.230	     0.053	    -0.376
          0.518	          0.318	           0.39	         -0.824	         38.013	          0.578	          0.258	          0.387	         -1.011	         37.952	        Normal         Laplace     0.518	    -0.682	     0.465	    -0.610	     0.372	     0.578	    -0.742	     0.551	    -0.613	     0.376	    -0.061
         -0.134	          0.898	            1.1	         -3.935	         41.005	         -0.607	          0.681	          1.021	         -3.925	         40.755	       Laplace         Laplace    -0.134	    -0.102	     0.010	     0.100	     0.010	    -0.607	    -0.319	     0.102	     0.021	     0.000	    -0.250
           1.34	           1.23	            1.5	         -4.874	         41.908	          1.839	          0.960	          1.440	         -4.957	         41.747	        Normal         Laplace     1.336	     0.228	     0.052	     0.504	     0.254	     1.839	    -0.040	     0.002	     0.440	     0.194	    -0.161
           0.56	          0.441	           0.54	         -1.802	         38.954	          0.538	          0.360	          0.540	         -2.014	         38.917	        Normal         Laplace     0.560	    -0.559	     0.312	    -0.460	     0.211	     0.538	    -0.640	     0.410	    -0.460	     0.212	    -0.036
          0.219	         0.0594	         0.0728	          4.211	         33.170	          0.211	          0.048	          0.072	          4.009	         33.123	        Normal         Laplace     0.219	    -0.941	     0.885	    -0.927	     0.860	     0.211	    -0.952	     0.906	    -0.927	     0.860	    -0.047
          -1.32	           1.26	           1.55	         -4.961	         41.992	         -0.532	          0.928	          1.392	         -4.855	         41.649	       Laplace         Laplace    -1.317	     0.265	     0.070	     0.549	     0.301	    -0.532	    -0.072	     0.005	     0.392	     0.154	    -0.343
         -0.166	           1.02	           1.25	         -4.326	         41.381	          0.113	          0.820	          1.230	         -4.484	         41.292	        Normal         Laplace    -0.166	     0.023	     0.001	     0.253	     0.064	     0.113	    -0.180	     0.032	     0.230	     0.053	    -0.089
          0.718	          0.381	          0.467	         -1.365	         38.533	          0.532	          0.292	          0.439	         -1.390	         38.316	        Normal         Laplace     0.718	    -0.619	     0.383	    -0.533	     0.284	     0.532	    -0.708	     0.501	    -0.561	     0.315	    -0.217
          0.264	          0.118	          0.145	          2.144	         35.158	          0.266	          0.097	          0.145	          1.930	         35.123	        Normal         Laplace     0.264	    -0.882	     0.777	    -0.855	     0.731	     0.266	    -0.903	     0.816	    -0.855	     0.731	    -0.035
           1.34	           2.25	           2.75	         -6.683	         43.648	          0.531	          1.773	          2.660	         -6.798	         43.518	        Normal         Laplace     1.336	     1.245	     1.551	     1.750	     3.062	     0.531	     0.773	     0.598	     1.660	     2.756	    -0.130
         -0.818	          0.888	           1.09	         -3.899	         40.970	         -0.815	          0.725	          1.087	         -4.113	         40.936	        Normal         Laplace    -0.818	    -0.112	     0.013	     0.087	     0.008	    -0.815	    -0.275	     0.076	     0.087	     0.008	    -0.035
         -0.148	          0.874	           1.07	         -3.852	         40.925	          0.053	          0.704	          1.056	         -4.027	         40.852	        Normal         Laplace    -0.148	    -0.126	     0.016	     0.070	     0.005	     0.053	    -0.296	     0.088	     0.056	     0.003	    -0.073
         -0.385	            1.1	           1.35	         -4.554	         41.600	          0.166	          0.843	          1.265	         -4.568	         41.373	        Normal         Laplace    -0.385	     0.104	     0.011	     0.352	     0.124	     0.166	    -0.157	     0.025	     0.265	     0.070	    -0.227
            1.2	           0.99	           1.21	         -4.226	         41.285	          1.819	          0.725	          1.088	         -4.115	         40.937	       Laplace         Laplace     1.201	    -0.010	     0.000	     0.212	     0.045	     1.819	    -0.275	     0.076	     0.088	     0.008	    -0.348
        -0.0803	          0.676	          0.828	         -3.083	         40.186	         -0.018	          0.551	          0.827	         -3.291	         40.145	        Normal         Laplace    -0.080	    -0.324	     0.105	    -0.172	     0.029	    -0.018	    -0.449	     0.202	    -0.173	     0.030	    -0.041
         0.0827	           1.68	           2.06	         -5.821	         42.819	         -0.275	          1.360	          2.040	         -6.001	         42.752	        Normal         Laplace     0.083	     0.684	     0.468	     1.063	     1.130	    -0.275	     0.360	     0.129	     1.040	     1.081	    -0.067
          0.228	           1.94	           2.38	         -6.250	         43.232	          0.853	          1.545	          2.318	         -6.385	         43.121	        Normal         Laplace     0.228	     0.943	     0.890	     1.380	     1.905	     0.853	     0.545	     0.297	     1.318	     1.737	    -0.111
          0.466	           0.73	          0.895	         -3.314	         40.408	         -0.019	          0.527	          0.790	         -3.156	         40.015	       Laplace         Laplace     0.466	    -0.270	     0.073	    -0.105	     0.011	    -0.019	    -0.473	     0.224	    -0.210	     0.044	    -0.393
           0.56	           1.26	           1.54	         -4.944	         41.975	          0.785	          1.018	          1.528	         -5.134	         41.917	        Normal         Laplace     0.560	     0.257	     0.066	     0.540	     0.291	     0.785	     0.018	     0.000	     0.528	     0.278	    -0.058
           -1.5	           2.54	           3.12	         -7.058	         44.009	         -1.015	          2.059	          3.088	         -7.246	         43.948	        Normal         Laplace    -1.495	     1.544	     2.384	     2.116	     4.477	    -1.015	     1.059	     1.121	     2.088	     4.360	    -0.060
          0.261	          0.734	          0.899	         -3.329	         40.422	          0.697	          0.544	          0.816	         -3.251	         40.107	       Laplace         Laplace     0.261	    -0.266	     0.071	    -0.101	     0.010	     0.697	    -0.456	     0.208	    -0.184	     0.034	    -0.315
         0.0283	          0.333	          0.408	         -0.961	         38.145	          0.256	          0.238	          0.358	         -0.777	         37.727	       Laplace         Laplace     0.028	    -0.667	     0.444	    -0.592	     0.350	     0.256	    -0.762	     0.580	    -0.642	     0.413	    -0.418
          0.105	          0.138	          0.169	          1.681	         35.603	          0.133	          0.112	          0.168	          1.497	         35.540	        Normal         Laplace     0.105	    -0.862	     0.743	    -0.831	     0.690	     0.133	    -0.888	     0.789	    -0.833	     0.693	    -0.064
         -0.677	          0.226	          0.276	          0.211	         37.018	         -0.752	          0.179	          0.269	          0.082	         36.901	        Normal         Laplace    -0.677	    -0.774	     0.600	    -0.724	     0.524	    -0.752	    -0.821	     0.674	    -0.732	     0.535	    -0.117
          0.256	           1.56	           1.91	         -5.595	         42.601	          0.608	          1.259	          1.888	         -5.770	         42.530	        Normal         Laplace     0.256	     0.562	     0.316	     0.913	     0.834	     0.608	     0.259	     0.067	     0.888	     0.789	    -0.072
          0.157	           1.55	            1.9	         -5.569	         42.577	         -0.093	          1.256	          1.885	         -5.764	         42.523	        Normal         Laplace     0.157	     0.549	     0.301	     0.897	     0.804	    -0.093	     0.256	     0.066	     0.885	     0.782	    -0.053
          0.231	          0.165	          0.202	          1.148	         36.117	          0.142	          0.125	          0.187	          1.167	         35.857	       Laplace         Laplace     0.231	    -0.835	     0.697	    -0.798	     0.637	     0.142	    -0.875	     0.766	    -0.813	     0.661	    -0.259
          0.156	          0.127	          0.155	          1.942	         35.353	          0.089	          0.096	          0.144	          1.951	         35.103	       Laplace         Laplace     0.156	    -0.873	     0.763	    -0.845	     0.714	     0.089	    -0.904	     0.817	    -0.856	     0.733	    -0.250
          0.636	          0.482	           0.59	         -2.065	         39.207	          0.461	          0.380	          0.570	         -2.177	         39.073	        Normal         Laplace     0.636	    -0.518	     0.269	    -0.410	     0.168	     0.461	    -0.620	     0.384	    -0.430	     0.185	    -0.133
        -0.0987	           0.65	          0.796	         -2.964	         40.071	         -0.195	          0.528	          0.791	         -3.162	         40.020	        Normal         Laplace    -0.099	    -0.350	     0.123	    -0.204	     0.042	    -0.195	    -0.472	     0.223	    -0.209	     0.043	    -0.050
          0.948	           1.46	           1.79	         -5.391	         42.406	         -0.011	          1.055	          1.583	         -5.241	         42.020	       Laplace         Laplace     0.948	     0.459	     0.211	     0.788	     0.620	    -0.011	     0.055	     0.003	     0.583	     0.340	    -0.385
          0.232	          0.408	          0.499	         -1.564	         38.724	          0.094	          0.323	          0.485	         -1.689	         38.604	        Normal         Laplace     0.232	    -0.592	     0.351	    -0.501	     0.251	     0.094	    -0.677	     0.458	    -0.515	     0.266	    -0.120
          -0.26	          0.691	          0.847	         -3.150	         40.250	          0.054	          0.535	          0.802	         -3.201	         40.058	        Normal         Laplace    -0.260	    -0.309	     0.095	    -0.153	     0.023	     0.054	    -0.465	     0.217	    -0.198	     0.039	    -0.192
          -1.22	           1.58	           1.93	         -5.627	         42.633	         -1.322	          1.288	          1.932	         -5.839	         42.595	        Normal         Laplace    -1.221	     0.579	     0.335	     0.934	     0.872	    -1.322	     0.288	     0.083	     0.932	     0.869	    -0.038
           0.21	           1.03	           1.26	         -4.341	         41.396	         -0.195	          0.807	          1.210	         -4.435	         41.245	        Normal         Laplace     0.210	     0.029	     0.001	     0.260	     0.067	    -0.195	    -0.193	     0.037	     0.210	     0.044	    -0.151
         -0.879	           1.13	           1.39	         -4.634	         41.678	         -0.303	          0.864	          1.296	         -4.642	         41.444	        Normal         Laplace    -0.879	     0.134	     0.018	     0.389	     0.151	    -0.303	    -0.136	     0.018	     0.296	     0.088	    -0.233
          0.496	          0.895	            1.1	         -3.924	         40.995	         -0.106	          0.643	          0.965	         -3.755	         40.591	       Laplace         Laplace     0.496	    -0.105	     0.011	     0.096	     0.009	    -0.106	    -0.357	     0.127	    -0.035	     0.001	    -0.404
          0.321	           1.21	           1.49	         -4.837	         41.873	          0.202	          0.988	          1.482	         -5.044	         41.831	        Normal         Laplace     0.321	     0.213	     0.046	     0.486	     0.236	     0.202	    -0.012	     0.000	     0.482	     0.233	    -0.042
          0.392	          0.904	           1.11	         -3.952	         41.022	          0.470	          0.736	          1.105	         -4.161	         40.982	        Normal         Laplace     0.392	    -0.096	     0.009	     0.107	     0.011	     0.470	    -0.264	     0.070	     0.105	     0.011	    -0.040
         -0.539	            0.9	            1.1	         -3.940	         41.010	          0.044	          0.653	          0.980	         -3.801	         40.635	       Laplace         Laplace    -0.539	    -0.100	     0.010	     0.102	     0.010	     0.044	    -0.347	     0.120	    -0.020	     0.000	    -0.374
        -0.0547	          0.208	          0.255	          0.447	         36.791	         -0.147	          0.162	          0.242	          0.387	         36.607	        Normal         Laplace    -0.055	    -0.792	     0.626	    -0.745	     0.555	    -0.147	    -0.838	     0.703	    -0.758	     0.574	    -0.183
          -1.07	           2.57	           3.15	         -7.092	         44.041	          0.511	          1.893	          2.839	         -6.993	         43.706	       Laplace         Laplace    -1.067	     1.573	     2.473	     2.151	     4.626	     0.511	     0.893	     0.797	     1.839	     3.382	    -0.335
         0.0363	          0.247	          0.302	         -0.057	         37.275	          0.041	          0.201	          0.302	         -0.271	         37.240	        Normal         Laplace     0.036	    -0.753	     0.568	    -0.698	     0.487	     0.041	    -0.799	     0.638	    -0.698	     0.487	    -0.035
            1.5	           2.22	           2.72	         -6.656	         43.622	          0.561	          1.734	          2.602	         -6.731	         43.454	        Normal         Laplace     1.496	     1.225	     1.500	     1.725	     2.974	     0.561	     0.734	     0.539	     1.602	     2.565	    -0.168
         -0.157	          0.552	          0.676	         -2.473	         39.599	         -0.091	          0.449	          0.673	         -2.677	         39.555	        Normal         Laplace    -0.157	    -0.448	     0.201	    -0.324	     0.105	    -0.091	    -0.551	     0.304	    -0.327	     0.107	    -0.045
         -0.242	           1.23	            1.5	         -4.873	         41.907	          0.056	          0.988	          1.482	         -5.042	         41.829	        Normal         Laplace    -0.242	     0.228	     0.052	     0.504	     0.254	     0.056	    -0.012	     0.000	     0.482	     0.232	    -0.078
          0.059	          0.687	          0.842	         -3.132	         40.233	          0.146	          0.559	          0.839	         -3.335	         40.187	        Normal         Laplace     0.059	    -0.313	     0.098	    -0.158	     0.025	     0.146	    -0.441	     0.194	    -0.161	     0.026	    -0.046
          0.084	          0.197	          0.242	          0.612	         36.632	         -0.025	          0.148	          0.223	          0.645	         36.359	       Laplace         Laplace     0.084	    -0.803	     0.644	    -0.758	     0.575	    -0.025	    -0.852	     0.725	    -0.777	     0.605	    -0.273
         -0.547	           0.51	          0.624	         -2.234	         39.369	         -0.387	          0.406	          0.609	         -2.373	         39.262	        Normal         Laplace    -0.547	    -0.490	     0.241	    -0.376	     0.141	    -0.387	    -0.594	     0.353	    -0.391	     0.153	    -0.107
