        -0.0517	           1.07	           1.08	       -148.797	       1221.615	         -0.072	          0.890	          0.899	       -157.707	       1234.234	        Normal          Normal    -0.052	     0.071	     0.005	     0.077	     0.006	    -0.072	    -0.110	     0.012	    -0.101	     0.010	    12.618
          0.196	          0.984	          0.989	       -140.240	       1209.394	          0.296	          0.776	          0.784	       -143.975	       1214.620	        Normal          Normal     0.196	    -0.016	     0.000	    -0.011	     0.000	     0.296	    -0.224	     0.050	    -0.216	     0.047	     5.227
        -0.0268	           0.95	          0.955	       -136.791	       1204.468	          0.015	          0.759	          0.767	       -141.733	       1211.418	        Normal          Normal    -0.027	    -0.050	     0.002	    -0.045	     0.002	     0.015	    -0.241	     0.058	    -0.233	     0.054	     6.950
          0.034	            1.1	           1.11	       -151.557	       1225.558	         -0.148	          0.886	          0.895	       -157.174	       1233.471	        Normal          Normal     0.034	     0.101	     0.010	     0.107	     0.011	    -0.148	    -0.114	     0.013	    -0.105	     0.011	     7.914
         -0.167	          0.915	          0.919	       -132.980	       1199.025	         -0.286	          0.733	          0.740	       -138.195	       1206.365	        Normal          Normal    -0.167	    -0.085	     0.007	    -0.081	     0.007	    -0.286	    -0.267	     0.072	    -0.260	     0.068	     7.340
         0.0481	           1.03	           1.04	       -145.110	       1216.348	         -0.026	          0.826	          0.834	       -150.157	       1223.450	        Normal          Normal     0.048	     0.033	     0.001	     0.038	     0.001	    -0.026	    -0.174	     0.030	    -0.166	     0.028	     7.102
         0.0253	          0.926	          0.931	       -134.197	       1200.762	         -0.046	          0.723	          0.731	       -136.922	       1204.546	        Normal          Normal     0.025	    -0.074	     0.005	    -0.069	     0.005	    -0.046	    -0.277	     0.077	    -0.269	     0.073	     3.783
         -0.033	              1	           1.01	       -142.169	       1212.148	          0.036	          0.764	          0.772	       -142.409	       1212.383	        Normal          Normal    -0.033	     0.003	     0.000	     0.008	     0.000	     0.036	    -0.236	     0.056	    -0.228	     0.052	     0.235
        -0.0797	          0.879	          0.883	       -128.975	       1193.304	         -0.190	          0.676	          0.683	       -130.227	       1194.984	        Normal          Normal    -0.080	    -0.121	     0.015	    -0.117	     0.014	    -0.190	    -0.324	     0.105	    -0.317	     0.100	     1.679
         0.0771	          0.955	           0.96	       -137.324	       1205.228	          0.032	          0.748	          0.756	       -140.305	       1209.378	        Normal          Normal     0.077	    -0.045	     0.002	    -0.040	     0.002	     0.032	    -0.252	     0.063	    -0.244	     0.060	     4.150
         -0.111	          0.902	          0.907	       -131.615	       1197.075	         -0.287	          0.727	          0.734	       -137.444	       1205.292	        Normal          Normal    -0.111	    -0.098	     0.010	    -0.093	     0.009	    -0.287	    -0.273	     0.074	    -0.266	     0.071	     8.217
         0.0889	          0.979	          0.984	       -139.749	       1208.692	          0.062	          0.784	          0.792	       -144.990	       1216.070	        Normal          Normal     0.089	    -0.021	     0.000	    -0.016	     0.000	     0.062	    -0.216	     0.047	    -0.208	     0.043	     7.378
          0.122	          0.951	          0.956	       -136.886	       1204.603	          0.028	          0.765	          0.773	       -142.527	       1212.552	        Normal          Normal     0.122	    -0.049	     0.002	    -0.044	     0.002	     0.028	    -0.235	     0.055	    -0.227	     0.052	     7.949
         0.0808	           0.96	          0.964	       -137.764	       1205.857	          0.064	          0.751	          0.758	       -140.654	       1209.877	        Normal          Normal     0.081	    -0.040	     0.002	    -0.036	     0.001	     0.064	    -0.249	     0.062	    -0.242	     0.058	     4.020
         0.0569	          0.936	          0.941	       -135.265	       1202.287	         -0.090	          0.721	          0.729	       -136.665	       1204.180	        Normal          Normal     0.057	    -0.064	     0.004	    -0.059	     0.004	    -0.090	    -0.279	     0.078	    -0.271	     0.074	     1.893
        -0.0443	            1.1	            1.1	       -151.144	       1224.968	         -0.085	          0.865	          0.874	       -154.801	       1230.082	        Normal          Normal    -0.044	     0.097	     0.009	     0.102	     0.010	    -0.085	    -0.135	     0.018	    -0.126	     0.016	     5.114
         0.0152	           1.06	           1.07	       -148.121	       1220.650	         -0.047	          0.811	          0.819	       -148.323	       1220.830	        Normal          Normal     0.015	     0.064	     0.004	     0.070	     0.005	    -0.047	    -0.189	     0.036	    -0.181	     0.033	     0.180
         0.0706	           1.01	           1.02	       -143.121	       1213.508	         -0.030	          0.805	          0.813	       -147.600	       1219.797	        Normal          Normal     0.071	     0.012	     0.000	     0.017	     0.000	    -0.030	    -0.195	     0.038	    -0.187	     0.035	     6.289
        -0.0891	           1.04	           1.04	       -145.357	       1216.702	         -0.076	          0.825	          0.834	       -150.101	       1223.369	        Normal          Normal    -0.089	     0.035	     0.001	     0.040	     0.002	    -0.076	    -0.175	     0.031	    -0.166	     0.028	     6.667
         0.0403	          0.885	           0.89	       -129.720	       1194.368	         -0.065	          0.666	          0.673	       -128.668	       1192.758	       Laplace         Laplace     0.040	    -0.115	     0.013	    -0.110	     0.012	    -0.065	    -0.334	     0.112	    -0.327	     0.107	    -1.610
         0.0206	           1.12	           1.13	       -153.220	       1227.932	          0.125	          0.887	          0.896	       -157.364	       1233.744	        Normal          Normal     0.021	     0.120	     0.014	     0.126	     0.016	     0.125	    -0.113	     0.013	    -0.104	     0.011	     5.812
          0.184	           1.02	           1.03	       -143.936	       1214.672	          0.112	          0.828	          0.836	       -150.428	       1223.837	        Normal          Normal     0.184	     0.021	     0.000	     0.026	     0.001	     0.112	    -0.172	     0.030	    -0.164	     0.027	     9.166
         -0.113	          0.905	           0.91	       -131.921	       1197.512	          0.022	          0.757	          0.765	       -141.499	       1211.084	        Normal          Normal    -0.113	    -0.095	     0.009	    -0.090	     0.008	     0.022	    -0.243	     0.059	    -0.235	     0.055	    13.572
       -0.00503	          0.985	           0.99	       -140.420	       1209.651	          0.097	          0.799	          0.807	       -146.897	       1218.793	        Normal          Normal    -0.005	    -0.015	     0.000	    -0.010	     0.000	     0.097	    -0.201	     0.040	    -0.193	     0.037	     9.142
          -0.11	          0.965	           0.97	       -138.340	       1206.680	         -0.115	          0.778	          0.785	       -144.160	       1214.885	        Normal          Normal    -0.110	    -0.035	     0.001	    -0.030	     0.001	    -0.115	    -0.222	     0.049	    -0.215	     0.046	     8.205
          0.161	          0.912	          0.917	       -132.695	       1198.617	          0.079	          0.732	          0.739	       -138.079	       1206.199	        Normal          Normal     0.161	    -0.088	     0.008	    -0.083	     0.007	     0.079	    -0.268	     0.072	    -0.261	     0.068	     7.582
         0.0258	          0.958	          0.962	       -137.564	       1205.572	          0.055	          0.756	          0.763	       -141.285	       1210.778	        Normal          Normal     0.026	    -0.042	     0.002	    -0.038	     0.001	     0.055	    -0.244	     0.060	    -0.237	     0.056	     5.206
         0.0255	           1.02	           1.02	       -143.619	       1214.219	         -0.052	          0.822	          0.830	       -149.724	       1222.831	        Normal          Normal     0.025	     0.017	     0.000	     0.023	     0.001	    -0.052	    -0.178	     0.032	    -0.170	     0.029	     8.612
         0.0649	          0.926	          0.931	       -134.232	       1200.812	          0.153	          0.724	          0.731	       -136.952	       1204.589	        Normal          Normal     0.065	    -0.074	     0.005	    -0.069	     0.005	     0.153	    -0.276	     0.076	    -0.269	     0.072	     3.777
         -0.126	          0.952	          0.957	       -137.027	       1204.804	          0.011	          0.776	          0.783	       -143.891	       1214.500	        Normal          Normal    -0.126	    -0.048	     0.002	    -0.043	     0.002	     0.011	    -0.224	     0.050	    -0.217	     0.047	     9.697
        -0.0945	          0.824	          0.828	       -122.517	       1184.081	         -0.080	          0.674	          0.680	       -129.803	       1194.378	        Normal          Normal    -0.094	    -0.176	     0.031	    -0.172	     0.030	    -0.080	    -0.326	     0.107	    -0.320	     0.102	    10.298
        -0.0164	           1.07	           1.08	       -148.892	       1221.750	         -0.154	          0.863	          0.872	       -154.628	       1229.836	        Normal          Normal    -0.016	     0.072	     0.005	     0.078	     0.006	    -0.154	    -0.137	     0.019	    -0.128	     0.016	     8.085
         0.0364	          0.886	          0.891	       -129.822	       1194.514	          0.050	          0.707	          0.715	       -134.702	       1201.375	        Normal          Normal     0.036	    -0.114	     0.013	    -0.109	     0.012	     0.050	    -0.293	     0.086	    -0.285	     0.081	     6.861
         0.0366	          0.953	          0.958	       -137.072	       1204.868	          0.150	          0.753	          0.760	       -140.893	       1210.218	        Normal          Normal     0.037	    -0.047	     0.002	    -0.042	     0.002	     0.150	    -0.247	     0.061	    -0.240	     0.058	     5.349
         0.0824	           1.07	           1.08	       -149.021	       1221.935	          0.032	          0.819	          0.828	       -149.399	       1222.367	        Normal          Normal     0.082	     0.074	     0.005	     0.079	     0.006	     0.032	    -0.181	     0.033	    -0.172	     0.030	     0.432
       -0.00976	          0.933	          0.938	       -134.988	       1201.892	         -0.013	          0.753	          0.761	       -141.001	       1210.373	        Normal          Normal    -0.010	    -0.067	     0.004	    -0.062	     0.004	    -0.013	    -0.247	     0.061	    -0.239	     0.057	     8.481
         0.0317	          0.938	          0.942	       -135.452	       1202.555	         -0.037	          0.756	          0.763	       -141.277	       1210.767	        Normal          Normal     0.032	    -0.062	     0.004	    -0.058	     0.003	    -0.037	    -0.244	     0.060	    -0.237	     0.056	     8.211
          0.275	           1.01	           1.01	       -142.860	       1213.135	          0.266	          0.799	          0.807	       -146.877	       1218.764	        Normal          Normal     0.275	     0.010	     0.000	     0.015	     0.000	     0.266	    -0.201	     0.040	    -0.193	     0.037	     5.629
        -0.0052	           0.96	          0.965	       -137.842	       1205.968	         -0.124	          0.770	          0.777	       -143.131	       1213.415	        Normal          Normal    -0.005	    -0.040	     0.002	    -0.035	     0.001	    -0.124	    -0.230	     0.053	    -0.223	     0.050	     7.447
         -0.128	          0.992	          0.997	       -141.062	       1210.567	         -0.095	          0.783	          0.790	       -144.799	       1215.797	        Normal          Normal    -0.128	    -0.008	     0.000	    -0.003	     0.000	    -0.095	    -0.217	     0.047	    -0.210	     0.044	     5.230
           0.15	           1.03	           1.03	       -144.807	       1215.916	          0.106	          0.832	          0.840	       -150.883	       1224.486	        Normal          Normal     0.150	     0.030	     0.001	     0.035	     0.001	     0.106	    -0.168	     0.028	    -0.160	     0.026	     8.570
         0.0773	           1.19	           1.19	       -158.968	       1236.142	         -0.048	          0.946	          0.955	       -163.757	       1242.874	        Normal          Normal     0.077	     0.186	     0.035	     0.192	     0.037	    -0.048	    -0.054	     0.003	    -0.045	     0.002	     6.733
         0.0257	           1.03	           1.03	       -144.419	       1215.362	          0.061	          0.801	          0.809	       -147.123	       1219.116	        Normal          Normal     0.026	     0.026	     0.001	     0.031	     0.001	     0.061	    -0.199	     0.040	    -0.191	     0.036	     3.754
        -0.0128	          0.929	          0.934	       -134.534	       1201.244	         -0.040	          0.732	          0.740	       -138.162	       1206.318	        Normal          Normal    -0.013	    -0.071	     0.005	    -0.066	     0.004	    -0.040	    -0.268	     0.072	    -0.260	     0.068	     5.074
          -0.18	           0.99	          0.995	       -140.862	       1210.282	         -0.333	          0.825	          0.833	       -150.085	       1223.346	        Normal          Normal    -0.180	    -0.010	     0.000	    -0.005	     0.000	    -0.333	    -0.175	     0.031	    -0.167	     0.028	    13.065
         -0.029	          0.982	          0.987	       -140.089	       1209.178	          0.007	          0.792	          0.800	       -146.022	       1217.543	        Normal          Normal    -0.029	    -0.018	     0.000	    -0.013	     0.000	     0.007	    -0.208	     0.043	    -0.200	     0.040	     8.365
        -0.0364	          0.926	           0.93	       -134.169	       1200.722	         -0.065	          0.754	          0.762	       -141.074	       1210.477	        Normal          Normal    -0.036	    -0.074	     0.006	    -0.070	     0.005	    -0.065	    -0.246	     0.061	    -0.238	     0.057	     9.755
       -0.00736	           1.09	            1.1	       -150.874	       1224.582	         -0.068	          0.905	          0.915	       -159.386	       1236.631	        Normal          Normal    -0.007	     0.094	     0.009	     0.099	     0.010	    -0.068	    -0.095	     0.009	    -0.085	     0.007	    12.049
          0.137	          0.992	          0.997	       -141.056	       1210.559	          0.089	          0.794	          0.802	       -146.217	       1217.823	        Normal          Normal     0.137	    -0.008	     0.000	    -0.003	     0.000	     0.089	    -0.206	     0.043	    -0.198	     0.039	     7.263
           0.11	            1.1	            1.1	       -151.245	       1225.112	          0.085	          0.869	          0.877	       -155.216	       1230.675	        Normal          Normal     0.110	     0.098	     0.010	     0.104	     0.011	     0.085	    -0.131	     0.017	    -0.123	     0.015	     5.563
         0.0549	           1.06	           1.07	       -148.049	       1220.547	          0.030	          0.812	          0.820	       -148.428	       1220.980	        Normal          Normal     0.055	     0.063	     0.004	     0.069	     0.005	     0.030	    -0.188	     0.036	    -0.180	     0.033	     0.433
       -0.00727	           1.07	           1.07	       -148.392	       1221.036	         -0.144	          0.883	          0.892	       -156.850	       1233.009	        Normal          Normal    -0.007	     0.067	     0.005	     0.073	     0.005	    -0.144	    -0.117	     0.014	    -0.108	     0.012	    11.973
         0.0229	          0.995	              1	       -141.358	       1210.991	          0.070	          0.797	          0.805	       -146.601	       1218.370	        Normal          Normal     0.023	    -0.005	     0.000	    -0.000	     0.000	     0.070	    -0.203	     0.041	    -0.195	     0.038	     7.380
         -0.137	          0.932	          0.937	       -134.877	       1201.734	         -0.080	          0.747	          0.755	       -140.147	       1209.153	        Normal          Normal    -0.137	    -0.068	     0.005	    -0.063	     0.004	    -0.080	    -0.253	     0.064	    -0.245	     0.060	     7.418
          0.028	          0.995	              1	       -141.440	       1211.107	          0.037	          0.792	          0.800	       -145.945	       1217.433	        Normal          Normal     0.028	    -0.005	     0.000	     0.000	     0.000	     0.037	    -0.208	     0.043	    -0.200	     0.040	     6.326
         0.0104	          0.979	          0.983	       -139.724	       1208.657	         -0.032	          0.788	          0.796	       -145.533	       1216.846	        Normal          Normal     0.010	    -0.021	     0.000	    -0.017	     0.000	    -0.032	    -0.212	     0.045	    -0.204	     0.041	     8.189
          0.154	           0.93	          0.935	       -134.628	       1201.378	          0.106	          0.712	          0.719	       -135.362	       1202.319	        Normal          Normal     0.154	    -0.070	     0.005	    -0.065	     0.004	     0.106	    -0.288	     0.083	    -0.281	     0.079	     0.941
         0.0824	           1.05	           1.06	       -146.976	       1219.015	          0.071	          0.832	          0.840	       -150.907	       1224.521	        Normal          Normal     0.082	     0.052	     0.003	     0.057	     0.003	     0.071	    -0.168	     0.028	    -0.160	     0.026	     5.506
        -0.0356	           1.11	           1.12	       -152.721	       1227.219	          0.007	          0.866	          0.875	       -154.900	       1230.224	        Normal          Normal    -0.036	     0.114	     0.013	     0.120	     0.014	     0.007	    -0.134	     0.018	    -0.125	     0.016	     3.005
          0.148	           1.04	           1.05	       -145.905	       1217.484	          0.156	          0.841	          0.849	       -151.967	       1226.035	        Normal          Normal     0.148	     0.041	     0.002	     0.046	     0.002	     0.156	    -0.159	     0.025	    -0.151	     0.023	     8.551
        -0.0376	           1.02	           1.02	       -143.658	       1214.275	         -0.140	          0.827	          0.835	       -150.306	       1223.663	        Normal          Normal    -0.038	     0.018	     0.000	     0.023	     0.001	    -0.140	    -0.173	     0.030	    -0.165	     0.027	     9.388
        -0.0601	           1.08	           1.08	       -149.344	       1222.396	         -0.092	          0.834	          0.843	       -151.176	       1224.905	        Normal          Normal    -0.060	     0.077	     0.006	     0.083	     0.007	    -0.092	    -0.166	     0.028	    -0.157	     0.025	     2.508
       -0.00926	          0.926	          0.931	       -134.195	       1200.760	          0.105	          0.723	          0.730	       -136.816	       1204.396	        Normal          Normal    -0.009	    -0.074	     0.005	    -0.069	     0.005	     0.105	    -0.277	     0.077	    -0.270	     0.073	     3.636
         -0.061	          0.937	          0.942	       -135.422	       1202.512	          0.015	          0.760	          0.767	       -141.829	       1211.555	        Normal          Normal    -0.061	    -0.063	     0.004	    -0.058	     0.003	     0.015	    -0.240	     0.058	    -0.233	     0.054	     9.043
        0.00532	           1.04	           1.04	       -145.626	       1217.086	          0.080	          0.857	          0.865	       -153.855	       1228.731	        Normal          Normal     0.005	     0.038	     0.001	     0.043	     0.002	     0.080	    -0.143	     0.021	    -0.135	     0.018	    11.645
         -0.127	          0.918	          0.923	       -133.351	       1199.554	         -0.206	          0.725	          0.732	       -137.178	       1204.913	        Normal          Normal    -0.127	    -0.082	     0.007	    -0.077	     0.006	    -0.206	    -0.275	     0.076	    -0.268	     0.072	     5.359
        -0.0783	           1.08	           1.08	       -149.313	       1222.352	         -0.050	          0.837	          0.845	       -151.522	       1225.399	        Normal          Normal    -0.078	     0.077	     0.006	     0.082	     0.007	    -0.050	    -0.163	     0.027	    -0.155	     0.024	     3.046
         0.0179	           1.03	           1.04	       -144.971	       1216.150	         -0.011	          0.831	          0.840	       -150.841	       1224.426	        Normal          Normal     0.018	     0.031	     0.001	     0.036	     0.001	    -0.011	    -0.169	     0.028	    -0.160	     0.026	     8.276
          0.173	          0.956	          0.961	       -137.384	       1205.314	          0.082	          0.776	          0.784	       -143.972	       1214.616	        Normal          Normal     0.173	    -0.044	     0.002	    -0.039	     0.002	     0.082	    -0.224	     0.050	    -0.216	     0.047	     9.302
        -0.0163	           0.92	          0.924	       -133.513	       1199.785	         -0.007	          0.728	          0.736	       -137.635	       1205.565	        Normal          Normal    -0.016	    -0.080	     0.006	    -0.076	     0.006	    -0.007	    -0.272	     0.074	    -0.264	     0.070	     5.780
        -0.0243	           1.02	           1.02	       -143.651	       1214.265	          0.000	          0.816	          0.825	       -149.030	       1221.839	        Normal          Normal    -0.024	     0.018	     0.000	     0.023	     0.001	     0.000	    -0.184	     0.034	    -0.175	     0.031	     7.574
         0.0187	           1.06	           1.07	       -147.692	       1220.037	          0.045	          0.845	          0.853	       -152.435	       1226.703	        Normal          Normal     0.019	     0.060	     0.004	     0.065	     0.004	     0.045	    -0.155	     0.024	    -0.147	     0.022	     6.666
          0.161	           1.07	           1.07	       -148.608	       1221.346	          0.092	          0.868	          0.877	       -155.203	       1230.657	        Normal          Normal     0.161	     0.069	     0.005	     0.075	     0.006	     0.092	    -0.132	     0.017	    -0.123	     0.015	     9.311
         0.0176	           1.02	           1.02	       -143.578	       1214.161	         -0.133	          0.806	          0.815	       -147.805	       1220.090	        Normal          Normal     0.018	     0.017	     0.000	     0.022	     0.000	    -0.133	    -0.194	     0.037	    -0.185	     0.034	     5.928
        0.00385	           1.01	           1.02	       -143.240	       1213.678	         -0.119	          0.829	          0.837	       -150.526	       1223.977	        Normal          Normal     0.004	     0.014	     0.000	     0.019	     0.000	    -0.119	    -0.171	     0.029	    -0.163	     0.027	    10.299
         0.0326	           1.07	           1.08	       -148.806	       1221.628	         -0.038	          0.887	          0.896	       -157.335	       1233.702	        Normal          Normal     0.033	     0.072	     0.005	     0.077	     0.006	    -0.038	    -0.113	     0.013	    -0.104	     0.011	    12.074
         -0.105	           1.02	           1.03	       -144.075	       1214.871	         -0.060	          0.839	          0.847	       -151.707	       1225.663	        Normal          Normal    -0.105	     0.022	     0.000	     0.027	     0.001	    -0.060	    -0.161	     0.026	    -0.153	     0.023	    10.792
        -0.0406	          0.826	           0.83	       -122.728	       1184.382	         -0.095	          0.659	          0.666	       -127.660	       1191.318	        Normal          Normal    -0.041	    -0.174	     0.030	    -0.170	     0.029	    -0.095	    -0.341	     0.116	    -0.334	     0.112	     6.936
         0.0488	           0.96	          0.965	       -137.823	       1205.941	          0.127	          0.774	          0.782	       -143.753	       1214.303	        Normal          Normal     0.049	    -0.040	     0.002	    -0.035	     0.001	     0.127	    -0.226	     0.051	    -0.218	     0.047	     8.362
         0.0306	           1.07	           1.07	       -148.311	       1220.921	         -0.017	          0.859	          0.868	       -154.114	       1229.101	        Normal          Normal     0.031	     0.066	     0.004	     0.072	     0.005	    -0.017	    -0.141	     0.020	    -0.132	     0.018	     8.180
         0.0773	          0.945	          0.949	       -136.206	       1203.632	          0.126	          0.718	          0.725	       -136.137	       1203.426	       Laplace         Laplace     0.077	    -0.055	     0.003	    -0.051	     0.003	     0.126	    -0.282	     0.080	    -0.275	     0.076	    -0.206
          0.132	           1.01	           1.02	       -143.007	       1213.346	          0.165	          0.807	          0.815	       -147.890	       1220.212	        Normal          Normal     0.132	     0.011	     0.000	     0.016	     0.000	     0.165	    -0.193	     0.037	    -0.185	     0.034	     6.866
          0.134	          0.983	          0.988	       -140.170	       1209.294	          0.154	          0.749	          0.757	       -140.405	       1209.521	        Normal          Normal     0.134	    -0.017	     0.000	    -0.012	     0.000	     0.154	    -0.251	     0.063	    -0.243	     0.059	     0.227
         0.0549	           0.97	          0.975	       -138.875	       1207.443	          0.043	          0.713	          0.720	       -135.421	       1202.403	       Laplace         Laplace     0.055	    -0.030	     0.001	    -0.025	     0.001	     0.043	    -0.287	     0.083	    -0.280	     0.079	    -5.040
        -0.0407	          0.986	          0.991	       -140.444	       1209.685	          0.064	          0.773	          0.781	       -143.596	       1214.078	        Normal          Normal    -0.041	    -0.014	     0.000	    -0.009	     0.000	     0.064	    -0.227	     0.051	    -0.219	     0.048	     4.394
         0.0329	          0.978	          0.983	       -139.705	       1208.630	          0.037	          0.811	          0.820	       -148.428	       1220.980	        Normal          Normal     0.033	    -0.022	     0.000	    -0.017	     0.000	     0.037	    -0.189	     0.036	    -0.180	     0.033	    12.350
         0.0637	           1.18	           1.19	       -158.672	       1235.719	          0.199	          0.949	          0.959	       -164.084	       1243.341	        Normal          Normal     0.064	     0.183	     0.033	     0.189	     0.036	     0.199	    -0.051	     0.003	    -0.041	     0.002	     7.622
          0.107	          0.959	          0.964	       -137.754	       1205.843	          0.126	          0.772	          0.780	       -143.409	       1213.812	        Normal          Normal     0.107	    -0.041	     0.002	    -0.036	     0.001	     0.126	    -0.228	     0.052	    -0.220	     0.049	     7.969
         0.0208	          0.975	           0.98	       -139.333	       1208.097	          0.053	          0.767	          0.774	       -142.727	       1212.837	        Normal          Normal     0.021	    -0.025	     0.001	    -0.020	     0.000	     0.053	    -0.233	     0.055	    -0.226	     0.051	     4.740
       -0.00502	           1.02	           1.03	       -143.882	       1214.596	         -0.048	          0.842	          0.851	       -152.158	       1226.307	        Normal          Normal    -0.005	     0.020	     0.000	     0.025	     0.001	    -0.048	    -0.158	     0.025	    -0.149	     0.022	    11.711
        -0.0355	          0.991	          0.996	       -140.953	       1210.411	         -0.057	          0.789	          0.797	       -145.580	       1216.913	        Normal          Normal    -0.035	    -0.009	     0.000	    -0.004	     0.000	    -0.057	    -0.211	     0.045	    -0.203	     0.041	     6.502
          0.188	           1.12	           1.12	       -152.895	       1227.468	          0.305	          0.901	          0.910	       -158.889	       1235.921	        Normal          Normal     0.188	     0.116	     0.014	     0.122	     0.015	     0.305	    -0.099	     0.010	    -0.090	     0.008	     8.453
        -0.0589	           1.09	           1.09	       -150.199	       1223.617	         -0.111	          0.856	          0.864	       -153.736	       1228.561	        Normal          Normal    -0.059	     0.087	     0.007	     0.092	     0.008	    -0.111	    -0.144	     0.021	    -0.136	     0.018	     4.944
        -0.0271	          0.869	          0.873	       -127.850	       1191.697	          0.112	          0.665	          0.672	       -128.561	       1192.605	        Normal          Normal    -0.027	    -0.131	     0.017	    -0.127	     0.016	     0.112	    -0.335	     0.112	    -0.328	     0.108	     0.909
          0.131	          0.896	            0.9	       -130.863	       1196.001	          0.059	          0.717	          0.725	       -136.107	       1203.382	        Normal          Normal     0.131	    -0.104	     0.011	    -0.100	     0.010	     0.059	    -0.283	     0.080	    -0.275	     0.076	     7.381
         0.0114	           1.05	           1.05	       -146.633	       1218.525	          0.071	          0.804	          0.812	       -147.495	       1219.648	        Normal          Normal     0.011	     0.049	     0.002	     0.054	     0.003	     0.071	    -0.196	     0.038	    -0.188	     0.035	     1.123
         -0.192	          0.991	          0.996	       -140.973	       1210.440	         -0.157	          0.757	          0.765	       -141.468	       1211.039	        Normal          Normal    -0.192	    -0.009	     0.000	    -0.004	     0.000	    -0.157	    -0.243	     0.059	    -0.235	     0.055	     0.599
         0.0161	           1.01	           1.02	       -143.106	       1213.486	         -0.095	          0.823	          0.832	       -149.865	       1223.033	        Normal          Normal     0.016	     0.012	     0.000	     0.017	     0.000	    -0.095	    -0.177	     0.031	    -0.168	     0.028	     9.546
         -0.118	           1.05	           1.05	       -146.378	       1218.160	         -0.037	          0.833	          0.841	       -151.001	       1224.654	        Normal          Normal    -0.118	     0.046	     0.002	     0.051	     0.003	    -0.037	    -0.167	     0.028	    -0.159	     0.025	     6.495
        0.00211	          0.967	          0.972	       -138.515	       1206.930	          0.088	          0.746	          0.754	       -140.040	       1209.000	        Normal          Normal     0.002	    -0.033	     0.001	    -0.028	     0.001	     0.088	    -0.254	     0.064	    -0.246	     0.061	     2.069
