         0.0994	          0.719	          0.804	         -5.444	         64.231	          0.236	          0.589	          0.736	         -5.816	         64.478	        Normal          Normal     0.099	    -0.281	     0.079	    -0.196	     0.039	     0.236	    -0.411	     0.169	    -0.264	     0.070	     0.247
         -0.181	          0.635	           0.71	         -4.826	         63.518	         -0.309	          0.558	          0.698	         -5.549	         64.170	        Normal          Normal    -0.181	    -0.365	     0.133	    -0.290	     0.084	    -0.309	    -0.442	     0.195	    -0.302	     0.092	     0.652
          0.013	           1.04	           1.17	         -7.301	         66.374	         -0.016	          0.926	          1.157	         -8.080	         67.092	        Normal          Normal     0.013	     0.042	     0.002	     0.165	     0.027	    -0.016	    -0.074	     0.006	     0.157	     0.025	     0.718
         -0.209	          0.391	          0.437	         -2.397	         60.714	         -0.130	          0.321	          0.401	         -2.784	         60.979	        Normal          Normal    -0.209	    -0.609	     0.371	    -0.563	     0.317	    -0.130	    -0.679	     0.461	    -0.599	     0.359	     0.265
         -0.625	          0.192	          0.214	          1.169	         56.599	         -0.574	          0.147	          0.184	          1.121	         56.472	        Normal         Laplace    -0.625	    -0.808	     0.654	    -0.786	     0.618	    -0.574	    -0.853	     0.728	    -0.816	     0.666	    -0.127
          -0.81	           2.24	           2.51	        -11.133	         70.797	         -1.710	          1.547	          1.934	        -10.648	         70.055	       Laplace         Laplace    -0.810	     1.242	     1.544	     1.507	     2.272	    -1.710	     0.547	     0.299	     0.934	     0.872	    -0.741
          0.525	          0.989	           1.11	         -7.039	         66.072	          0.060	          0.640	          0.800	         -6.234	         64.961	       Laplace         Laplace     0.525	    -0.011	     0.000	     0.106	     0.011	     0.060	    -0.360	     0.130	    -0.200	     0.040	    -1.111
         0.0334	           1.16	           1.29	         -7.829	         66.984	         -0.402	          0.806	          1.008	         -7.389	         66.294	       Laplace         Laplace     0.033	     0.158	     0.025	     0.295	     0.087	    -0.402	    -0.194	     0.038	     0.008	     0.000	    -0.690
           0.08	           1.01	           1.13	         -7.162	         66.214	          0.351	          0.844	          1.055	         -7.619	         66.559	        Normal          Normal     0.080	     0.014	     0.000	     0.133	     0.018	     0.351	    -0.156	     0.024	     0.055	     0.003	     0.345
         -0.169	           2.19	           2.45	        -11.008	         70.653	          0.356	          1.398	          1.748	        -10.142	         69.472	       Laplace         Laplace    -0.169	     1.187	     1.409	     1.445	     2.089	     0.356	     0.398	     0.159	     0.748	     0.560	    -1.181
         -0.252	           1.45	           1.62	         -8.954	         68.282	          0.775	          1.157	          1.447	         -9.197	         68.380	        Normal          Normal    -0.252	     0.450	     0.203	     0.622	     0.386	     0.775	     0.157	     0.025	     0.447	     0.200	     0.098
         -0.632	           0.19	          0.212	          1.215	         56.546	         -0.700	          0.134	          0.168	          1.576	         55.947	       Laplace         Laplace    -0.632	    -0.810	     0.656	    -0.788	     0.621	    -0.700	    -0.866	     0.750	    -0.832	     0.693	    -0.599
         0.0158	           1.03	           1.15	         -7.234	         66.297	          0.100	          0.859	          1.074	         -7.706	         66.660	        Normal          Normal     0.016	     0.028	     0.001	     0.150	     0.022	     0.100	    -0.141	     0.020	     0.074	     0.005	     0.362
          0.171	           1.64	           1.83	         -9.553	         68.974	          0.834	          1.285	          1.607	         -9.720	         68.985	        Normal          Normal     0.171	     0.635	     0.403	     0.828	     0.686	     0.834	     0.285	     0.081	     0.607	     0.368	     0.011
         -0.153	           1.47	           1.64	         -9.013	         68.351	          0.147	          1.159	          1.449	         -9.204	         68.388	        Normal          Normal    -0.153	     0.468	     0.219	     0.641	     0.411	     0.147	     0.159	     0.025	     0.449	     0.201	     0.037
          0.982	           1.57	           1.76	         -9.357	         68.747	          0.854	          1.149	          1.437	         -9.161	         68.339	       Laplace         Laplace     0.982	     0.572	     0.327	     0.758	     0.574	     0.854	     0.149	     0.022	     0.437	     0.191	    -0.408
         -0.884	           1.63	           1.82	         -9.527	         68.944	         -0.081	          0.939	          1.174	         -8.153	         67.176	       Laplace         Laplace    -0.884	     0.627	     0.393	     0.819	     0.670	    -0.081	    -0.061	     0.004	     0.174	     0.030	    -1.768
         -0.563	          0.753	          0.842	         -5.678	         64.501	         -0.276	          0.487	          0.609	         -4.868	         63.385	       Laplace         Laplace    -0.563	    -0.247	     0.061	    -0.158	     0.025	    -0.276	    -0.513	     0.263	    -0.391	     0.153	    -1.116
         -0.197	          0.431	          0.482	         -2.887	         61.280	         -0.271	          0.379	          0.474	         -3.612	         61.935	        Normal          Normal    -0.197	    -0.569	     0.324	    -0.518	     0.268	    -0.271	    -0.621	     0.386	    -0.526	     0.277	     0.655
         -0.175	          0.442	          0.495	         -3.018	         61.431	         -0.114	          0.358	          0.448	         -3.332	         61.612	        Normal          Normal    -0.175	    -0.558	     0.311	    -0.505	     0.255	    -0.114	    -0.642	     0.412	    -0.552	     0.305	     0.181
          0.124	           0.74	          0.827	         -5.587	         64.396	         -0.317	          0.628	          0.785	         -6.138	         64.850	        Normal          Normal     0.124	    -0.260	     0.068	    -0.173	     0.030	    -0.317	    -0.372	     0.139	    -0.215	     0.046	     0.454
          0.643	           1.69	           1.89	         -9.717	         69.163	          1.039	          1.157	          1.447	         -9.196	         68.379	       Laplace         Laplace     0.643	     0.690	     0.476	     0.889	     0.790	     1.039	     0.157	     0.025	     0.447	     0.199	    -0.784
         -0.494	           1.56	           1.75	         -9.329	         68.714	         -0.287	          1.115	          1.394	         -9.010	         68.165	       Laplace         Laplace    -0.494	     0.563	     0.317	     0.748	     0.559	    -0.287	     0.115	     0.013	     0.394	     0.155	    -0.549
         -0.225	          0.887	          0.992	         -6.497	         65.446	          0.099	          0.510	          0.638	         -5.101	         63.653	       Laplace         Laplace    -0.225	    -0.113	     0.013	    -0.008	     0.000	     0.099	    -0.490	     0.240	    -0.362	     0.131	    -1.793
         -0.179	           1.14	           1.28	         -7.768	         66.913	          0.167	          0.856	          1.070	         -7.689	         66.641	       Laplace         Laplace    -0.179	     0.144	     0.021	     0.279	     0.078	     0.167	    -0.144	     0.021	     0.070	     0.005	    -0.272
         -0.858	           1.65	           1.84	         -9.588	         69.014	         -0.340	          1.441	          1.801	        -10.293	         69.646	        Normal          Normal    -0.858	     0.647	     0.418	     0.841	     0.707	    -0.340	     0.441	     0.195	     0.801	     0.642	     0.632
         -0.527	           1.48	           1.66	         -9.062	         68.406	         -0.374	          1.066	          1.332	         -8.783	         67.903	       Laplace         Laplace    -0.527	     0.482	     0.232	     0.657	     0.432	    -0.374	     0.066	     0.004	     0.332	     0.110	    -0.503
          -1.07	           1.41	           1.58	         -8.812	         68.118	         -1.456	          1.089	          1.361	         -8.892	         68.029	        Normal         Laplace    -1.067	     0.410	     0.168	     0.576	     0.332	    -1.456	     0.089	     0.008	     0.361	     0.131	    -0.090
          0.707	            2.1	           2.35	        -10.811	         70.426	          0.288	          1.523	          1.904	        -10.570	         69.966	       Laplace         Laplace     0.707	     1.103	     1.216	     1.351	     1.825	     0.288	     0.523	     0.274	     0.904	     0.818	    -0.460
         -0.234	          0.486	          0.543	         -3.485	         61.970	         -0.347	          0.393	          0.491	         -3.793	         62.144	        Normal          Normal    -0.234	    -0.514	     0.264	    -0.457	     0.209	    -0.347	    -0.607	     0.369	    -0.509	     0.259	     0.174
          -1.29	           1.92	           2.15	        -10.360	         69.904	         -0.250	          1.626	          2.032	        -10.895	         70.341	        Normal          Normal    -1.294	     0.921	     0.849	     1.148	     1.318	    -0.250	     0.626	     0.391	     1.032	     1.065	     0.436
         -0.859	          0.792	          0.885	         -5.928	         64.790	         -0.652	          0.614	          0.767	         -6.024	         64.718	        Normal         Laplace    -0.859	    -0.208	     0.043	    -0.115	     0.013	    -0.652	    -0.386	     0.149	    -0.233	     0.054	    -0.072
          0.193	           1.26	           1.41	         -8.246	         67.466	          0.223	          0.826	          1.032	         -7.510	         66.434	       Laplace         Laplace     0.193	     0.259	     0.067	     0.408	     0.166	     0.223	    -0.174	     0.030	     0.032	     0.001	    -1.032
         -0.141	           1.08	           1.21	         -7.475	         66.575	         -0.489	          0.675	          0.844	         -6.502	         65.270	       Laplace         Laplace    -0.141	     0.079	     0.006	     0.206	     0.043	    -0.489	    -0.325	     0.105	    -0.156	     0.024	    -1.305
         0.0762	            1.1	           1.23	         -7.562	         66.676	          0.148	          0.727	          0.908	         -6.869	         65.694	       Laplace         Laplace     0.076	     0.098	     0.010	     0.228	     0.052	     0.148	    -0.273	     0.075	    -0.092	     0.008	    -0.982
         0.0946	           1.03	           1.15	         -7.242	         66.306	          0.147	          0.763	          0.954	         -7.115	         65.977	       Laplace         Laplace     0.095	     0.030	     0.001	     0.152	     0.023	     0.147	    -0.237	     0.056	    -0.046	     0.002	    -0.329
          0.507	           1.05	           1.18	         -7.348	         66.428	          0.146	          0.693	          0.866	         -6.629	         65.417	       Laplace         Laplace     0.507	     0.052	     0.003	     0.176	     0.031	     0.146	    -0.307	     0.094	    -0.134	     0.018	    -1.011
          0.937	           1.38	           1.55	         -8.720	         68.012	          0.638	          1.145	          1.432	         -9.145	         68.320	        Normal          Normal     0.937	     0.384	     0.148	     0.548	     0.300	     0.638	     0.145	     0.021	     0.432	     0.186	     0.308
          0.453	           1.15	           1.29	         -7.801	         66.952	          0.109	          0.813	          1.016	         -7.429	         66.341	       Laplace         Laplace     0.453	     0.152	     0.023	     0.288	     0.083	     0.109	    -0.187	     0.035	     0.016	     0.000	    -0.611
         -0.753	          0.698	           0.78	         -5.294	         64.058	         -0.909	          0.583	          0.729	         -5.771	         64.427	        Normal          Normal    -0.753	    -0.302	     0.091	    -0.220	     0.048	    -0.909	    -0.417	     0.174	    -0.271	     0.073	     0.369
         -0.114	           1.53	           1.71	         -9.230	         68.601	          0.271	          1.246	          1.557	         -9.565	         68.805	        Normal          Normal    -0.114	     0.533	     0.284	     0.714	     0.509	     0.271	     0.246	     0.060	     0.557	     0.311	     0.204
          -1.03	          0.518	          0.579	         -3.801	         62.335	         -1.330	          0.383	          0.479	         -3.665	         61.995	       Laplace         Laplace    -1.026	    -0.482	     0.233	    -0.421	     0.178	    -1.330	    -0.617	     0.381	    -0.521	     0.272	    -0.339
         -0.454	          0.468	          0.523	         -3.295	         61.751	         -0.495	          0.381	          0.477	         -3.646	         61.974	        Normal          Normal    -0.454	    -0.532	     0.283	    -0.477	     0.228	    -0.495	    -0.619	     0.383	    -0.523	     0.274	     0.224
          0.952	          0.793	          0.886	         -5.933	         64.796	          0.897	          0.707	          0.884	         -6.735	         65.539	        Normal          Normal     0.952	    -0.207	     0.043	    -0.114	     0.013	     0.897	    -0.293	     0.086	    -0.116	     0.013	     0.743
         -0.353	          0.806	          0.901	         -6.017	         64.892	         -0.247	          0.557	          0.696	         -5.538	         64.158	       Laplace         Laplace    -0.353	    -0.194	     0.038	    -0.099	     0.010	    -0.247	    -0.443	     0.196	    -0.304	     0.092	    -0.734
         0.0614	           1.06	           1.18	         -7.383	         66.469	          0.143	          0.860	          1.075	         -7.714	         66.669	        Normal          Normal     0.061	     0.059	     0.004	     0.184	     0.034	     0.143	    -0.140	     0.019	     0.075	     0.006	     0.200
         -0.979	           1.58	           1.77	         -9.388	         68.784	         -1.323	          1.306	          1.633	         -9.802	         69.079	        Normal          Normal    -0.979	     0.582	     0.339	     0.769	     0.591	    -1.323	     0.306	     0.094	     0.633	     0.401	     0.296
          -0.35	           1.16	            1.3	         -7.835	         66.990	         -0.245	          0.998	          1.248	         -8.458	         67.528	        Normal          Normal    -0.350	     0.159	     0.025	     0.296	     0.088	    -0.245	    -0.002	     0.000	     0.248	     0.062	     0.537
        -0.0676	          0.386	          0.431	         -2.331	         60.638	         -0.135	          0.293	          0.366	         -2.321	         60.445	       Laplace         Laplace    -0.068	    -0.614	     0.377	    -0.569	     0.324	    -0.135	    -0.707	     0.500	    -0.634	     0.402	    -0.193
         -0.777	            1.2	           1.34	         -7.986	         67.164	         -0.171	          1.010	          1.263	         -8.516	         67.595	        Normal          Normal    -0.777	     0.195	     0.038	     0.336	     0.113	    -0.171	     0.010	     0.000	     0.263	     0.069	     0.431
           1.01	           1.41	           1.58	         -8.818	         68.125	          0.914	          1.189	          1.486	         -9.331	         68.536	        Normal          Normal     1.011	     0.411	     0.169	     0.578	     0.334	     0.914	     0.189	     0.036	     0.486	     0.236	     0.411
         -0.287	           1.04	           1.16	         -7.267	         66.336	         -0.022	          0.884	          1.105	         -7.850	         66.827	        Normal          Normal    -0.287	     0.035	     0.001	     0.157	     0.025	    -0.022	    -0.116	     0.013	     0.105	     0.011	     0.491
         -0.523	           1.25	            1.4	         -8.222	         67.437	         -1.407	          1.004	          1.255	         -8.485	         67.559	        Normal          Normal    -0.523	     0.253	     0.064	     0.401	     0.161	    -1.407	     0.004	     0.000	     0.255	     0.065	     0.122
           1.12	           1.78	           1.99	         -9.973	         69.459	          0.374	          1.025	          1.281	         -8.588	         67.678	       Laplace         Laplace     1.124	     0.778	     0.606	     0.988	     0.977	     0.374	     0.025	     0.001	     0.281	     0.079	    -1.781
         -0.833	           1.61	            1.8	         -9.470	         68.877	         -1.702	          1.355	          1.694	         -9.984	         69.289	        Normal          Normal    -0.833	     0.608	     0.370	     0.798	     0.636	    -1.702	     0.355	     0.126	     0.694	     0.481	     0.412
           1.07	           1.45	           1.62	         -8.952	         68.280	          0.277	          1.152	          1.440	         -9.172	         68.352	        Normal          Normal     1.069	     0.450	     0.202	     0.621	     0.386	     0.277	     0.152	     0.023	     0.440	     0.193	     0.072
         -0.485	          0.726	          0.812	         -5.495	         64.290	         -0.175	          0.634	          0.793	         -6.189	         64.909	        Normal          Normal    -0.485	    -0.274	     0.075	    -0.188	     0.035	    -0.175	    -0.366	     0.134	    -0.207	     0.043	     0.618
          0.156	           0.19	          0.212	          1.220	         56.539	          0.050	          0.145	          0.181	          1.196	         56.385	        Normal         Laplace     0.156	    -0.810	     0.657	    -0.788	     0.621	     0.050	    -0.855	     0.731	    -0.819	     0.671	    -0.154
          0.447	          0.806	          0.901	         -6.013	         64.888	          0.459	          0.691	          0.864	         -6.621	         65.407	        Normal          Normal     0.447	    -0.194	     0.038	    -0.099	     0.010	     0.459	    -0.309	     0.095	    -0.136	     0.018	     0.519
        -0.0606	          0.754	          0.843	         -5.682	         64.506	          0.061	          0.544	          0.680	         -5.422	         64.023	       Laplace         Laplace    -0.061	    -0.246	     0.061	    -0.157	     0.025	     0.061	    -0.456	     0.208	    -0.320	     0.102	    -0.483
         -0.316	          0.735	          0.822	         -5.557	         64.362	         -0.291	          0.533	          0.667	         -5.321	         63.908	       Laplace         Laplace    -0.316	    -0.265	     0.070	    -0.178	     0.032	    -0.291	    -0.467	     0.218	    -0.333	     0.111	    -0.454
          -0.73	          0.947	           1.06	         -6.822	         65.821	         -0.239	          0.713	          0.891	         -6.774	         65.585	       Laplace         Laplace    -0.730	    -0.053	     0.003	     0.059	     0.003	    -0.239	    -0.287	     0.082	    -0.109	     0.012	    -0.236
         0.0686	           1.04	           1.16	         -7.280	         66.350	         -0.344	          0.831	          1.039	         -7.543	         66.471	        Normal          Normal     0.069	     0.038	     0.001	     0.160	     0.026	    -0.344	    -0.169	     0.028	     0.039	     0.002	     0.121
          0.374	          0.651	          0.728	         -4.949	         63.660	          0.290	          0.572	          0.715	         -5.669	         64.309	        Normal          Normal     0.374	    -0.349	     0.122	    -0.272	     0.074	     0.290	    -0.428	     0.184	    -0.285	     0.082	     0.649
         -0.218	           1.73	           1.93	         -9.831	         69.295	         -0.451	          1.417	          1.771	        -10.208	         69.547	        Normal          Normal    -0.218	     0.729	     0.531	     0.933	     0.870	    -0.451	     0.417	     0.174	     0.771	     0.594	     0.253
         -0.214	          0.561	          0.627	         -4.202	         62.798	         -0.330	          0.454	          0.568	         -4.522	         62.985	        Normal          Normal    -0.214	    -0.439	     0.193	    -0.373	     0.139	    -0.330	    -0.546	     0.298	    -0.432	     0.187	     0.187
          0.298	           1.12	           1.25	         -7.641	         66.767	          0.056	          0.907	          1.133	         -7.975	         66.971	        Normal          Normal     0.298	     0.115	     0.013	     0.247	     0.061	     0.056	    -0.093	     0.009	     0.133	     0.018	     0.204
         -0.836	          0.602	          0.673	         -4.559	         63.209	         -1.029	          0.467	          0.584	         -4.663	         63.148	        Normal         Laplace    -0.836	    -0.398	     0.158	    -0.327	     0.107	    -1.029	    -0.533	     0.284	    -0.416	     0.173	    -0.061
           0.53	           1.86	           2.08	        -10.198	         69.718	          0.101	          1.522	          1.902	        -10.565	         69.960	        Normal          Normal     0.530	     0.860	     0.740	     1.080	     1.166	     0.101	     0.522	     0.272	     0.902	     0.814	     0.242
         -0.606	           1.09	           1.22	         -7.540	         66.650	         -0.352	          0.722	          0.903	         -6.840	         65.660	       Laplace         Laplace    -0.606	     0.093	     0.009	     0.222	     0.049	    -0.352	    -0.278	     0.077	    -0.097	     0.009	    -0.990
          0.274	          0.878	          0.982	         -6.446	         65.388	         -0.223	          0.735	          0.919	         -6.928	         65.762	        Normal          Normal     0.274	    -0.122	     0.015	    -0.018	     0.000	    -0.223	    -0.265	     0.070	    -0.081	     0.007	     0.374
         -0.773	           1.29	           1.44	         -8.369	         67.607	         -0.234	          1.045	          1.306	         -8.685	         67.790	        Normal          Normal    -0.773	     0.290	     0.084	     0.443	     0.196	    -0.234	     0.045	     0.002	     0.306	     0.094	     0.182
         -0.327	           1.59	           1.78	         -9.421	         68.821	          0.406	          1.090	          1.362	         -8.897	         68.034	       Laplace         Laplace    -0.327	     0.592	     0.351	     0.780	     0.609	     0.406	     0.090	     0.008	     0.362	     0.131	    -0.787
         -0.588	          0.755	          0.844	         -5.691	         64.516	         -0.306	          0.626	          0.782	         -6.124	         64.834	        Normal          Normal    -0.588	    -0.245	     0.060	    -0.156	     0.024	    -0.306	    -0.374	     0.140	    -0.218	     0.047	     0.318
         -0.132	           1.23	           1.38	         -8.131	         67.332	          0.047	          1.094	          1.367	         -8.915	         68.055	        Normal          Normal    -0.132	     0.230	     0.053	     0.376	     0.141	     0.047	     0.094	     0.009	     0.367	     0.135	     0.723
          0.588	          0.884	          0.988	         -6.478	         65.425	          0.492	          0.627	          0.784	         -6.132	         64.843	       Laplace         Laplace     0.588	    -0.116	     0.013	    -0.012	     0.000	     0.492	    -0.373	     0.139	    -0.216	     0.047	    -0.582
          0.183	          0.817	          0.914	         -6.086	         64.971	          0.273	          0.576	          0.720	         -5.706	         64.351	       Laplace         Laplace     0.183	    -0.183	     0.033	    -0.086	     0.007	     0.273	    -0.424	     0.180	    -0.280	     0.079	    -0.620
          0.209	          0.264	          0.296	         -0.442	         58.458	          0.072	          0.206	          0.257	         -0.561	         58.414	        Normal         Laplace     0.209	    -0.736	     0.541	    -0.704	     0.496	     0.072	    -0.794	     0.631	    -0.743	     0.552	    -0.044
         -0.655	           1.42	           1.59	         -8.859	         68.173	          0.141	          1.042	          1.303	         -8.672	         67.775	       Laplace         Laplace    -0.655	     0.423	     0.179	     0.591	     0.349	     0.141	     0.042	     0.002	     0.303	     0.092	    -0.397
          0.634	           1.03	           1.15	         -7.239	         66.303	          0.484	          0.749	          0.936	         -7.019	         65.867	       Laplace         Laplace     0.634	     0.029	     0.001	     0.151	     0.023	     0.484	    -0.251	     0.063	    -0.064	     0.004	    -0.436
         -0.277	           1.52	           1.69	         -9.174	         68.536	         -0.126	          1.138	          1.423	         -9.112	         68.283	       Laplace         Laplace    -0.277	     0.516	     0.266	     0.695	     0.482	    -0.126	     0.138	     0.019	     0.423	     0.179	    -0.253
         0.0044	          0.753	          0.842	         -5.677	         64.500	         -0.018	          0.572	          0.715	         -5.673	         64.313	       Laplace         Laplace     0.004	    -0.247	     0.061	    -0.158	     0.025	    -0.018	    -0.428	     0.183	    -0.285	     0.081	    -0.187
        -0.0844	          0.907	           1.01	         -6.609	         65.575	          0.263	          0.773	          0.966	         -7.178	         66.051	        Normal          Normal    -0.084	    -0.093	     0.009	     0.014	     0.000	     0.263	    -0.227	     0.052	    -0.034	     0.001	     0.476
         -0.707	           1.93	           2.15	        -10.375	         69.923	         -0.430	          1.492	          1.865	        -10.466	         69.845	        Normal         Laplace    -0.707	     0.927	     0.860	     1.155	     1.334	    -0.430	     0.492	     0.242	     0.865	     0.748	    -0.078
         -0.358	          0.892	          0.997	         -6.524	         65.477	         -0.256	          0.681	          0.852	         -6.548	         65.323	        Normal         Laplace    -0.358	    -0.108	     0.012	    -0.003	     0.000	    -0.256	    -0.319	     0.102	    -0.148	     0.022	    -0.154
         -0.338	          0.673	          0.752	         -5.112	         63.847	         -0.168	          0.511	          0.639	         -5.109	         63.662	       Laplace         Laplace    -0.338	    -0.327	     0.107	    -0.248	     0.062	    -0.168	    -0.489	     0.239	    -0.361	     0.131	    -0.185
        -0.0276	          0.843	          0.943	         -6.242	         65.152	         -0.090	          0.633	          0.792	         -6.181	         64.900	       Laplace         Laplace    -0.028	    -0.157	     0.025	    -0.057	     0.003	    -0.090	    -0.367	     0.135	    -0.208	     0.043	    -0.253
        -0.0172	           1.69	           1.89	         -9.728	         69.176	          0.156	          1.160	          1.450	         -9.208	         68.393	       Laplace         Laplace    -0.017	     0.693	     0.481	     0.893	     0.798	     0.156	     0.160	     0.026	     0.450	     0.202	    -0.783
          0.711	          0.866	          0.968	         -6.373	         65.303	          0.685	          0.710	          0.887	         -6.750	         65.557	        Normal          Normal     0.711	    -0.134	     0.018	    -0.032	     0.001	     0.685	    -0.290	     0.084	    -0.113	     0.013	     0.254
         -0.153	            1.1	           1.23	         -7.577	         66.693	         -0.103	          0.836	          1.045	         -7.571	         66.504	       Laplace         Laplace    -0.153	     0.101	     0.010	     0.231	     0.054	    -0.103	    -0.164	     0.027	     0.045	     0.002	    -0.189
          0.231	           0.49	          0.548	         -3.533	         62.025	          0.241	          0.394	          0.492	         -3.804	         62.156	        Normal          Normal     0.231	    -0.510	     0.260	    -0.452	     0.204	     0.241	    -0.606	     0.368	    -0.508	     0.258	     0.131
           1.34	            1.1	           1.23	         -7.585	         66.702	          0.940	          0.767	          0.959	         -7.139	         66.006	       Laplace         Laplace     1.339	     0.103	     0.011	     0.233	     0.054	     0.940	    -0.233	     0.054	    -0.041	     0.002	    -0.696
          -1.27	          0.936	           1.05	         -6.766	         65.757	         -1.559	          0.741	          0.926	         -6.967	         65.807	        Normal          Normal    -1.275	    -0.064	     0.004	     0.047	     0.002	    -1.559	    -0.259	     0.067	    -0.074	     0.005	     0.050
           0.31	           1.03	           1.16	         -7.264	         66.331	         -0.119	          0.582	          0.728	         -5.761	         64.415	       Laplace         Laplace     0.310	     0.034	     0.001	     0.156	     0.024	    -0.119	    -0.418	     0.175	    -0.272	     0.074	    -1.916
         -0.437	           1.25	           1.39	         -8.192	         67.402	         -0.093	          1.013	          1.266	         -8.528	         67.609	        Normal          Normal    -0.437	     0.245	     0.060	     0.392	     0.154	    -0.093	     0.013	     0.000	     0.266	     0.071	     0.207
          0.139	          0.791	          0.885	         -5.924	         64.785	          0.342	          0.640	          0.800	         -6.237	         64.965	        Normal          Normal     0.139	    -0.209	     0.044	    -0.115	     0.013	     0.342	    -0.360	     0.129	    -0.200	     0.040	     0.180
         -0.294	          0.787	           0.88	         -5.897	         64.754	          0.148	          0.493	          0.617	         -4.934	         63.460	       Laplace         Laplace    -0.294	    -0.213	     0.045	    -0.120	     0.014	     0.148	    -0.507	     0.257	    -0.383	     0.147	    -1.294
        -0.0684	           1.53	           1.71	         -9.219	         68.588	          0.085	          1.035	          1.294	         -8.638	         67.735	       Laplace         Laplace    -0.068	     0.529	     0.280	     0.710	     0.504	     0.085	     0.035	     0.001	     0.294	     0.086	    -0.852
          0.166	           1.17	           1.31	         -7.900	         67.066	          0.542	          1.031	          1.288	         -8.616	         67.711	        Normal          Normal     0.166	     0.175	     0.031	     0.313	     0.098	     0.542	     0.031	     0.001	     0.288	     0.083	     0.645
              1	           2.96	           3.31	        -12.527	         72.406	          0.057	          1.948	          2.435	        -11.799	         71.384	       Laplace         Laplace     1.002	     1.964	     3.857	     2.314	     5.353	     0.057	     0.948	     0.898	     1.435	     2.059	    -1.022
