         0.0496	           1.86	           1.96	        -20.397	        135.301	          0.283	          1.289	          1.432	        -19.469	        133.954	       Laplace         Laplace     0.050	     0.860	     0.740	     0.961	     0.923	     0.283	     0.289	     0.083	     0.432	     0.187	    -1.347
         -0.627	           0.63	          0.664	         -9.567	        121.239	         -0.911	          0.526	          0.585	        -10.513	        122.325	        Normal          Normal    -0.627	    -0.370	     0.137	    -0.336	     0.113	    -0.911	    -0.474	     0.224	    -0.415	     0.172	     1.086
        -0.0649	          0.924	          0.974	        -13.399	        126.214	         -0.219	          0.618	          0.687	        -12.127	        124.421	       Laplace         Laplace    -0.065	    -0.076	     0.006	    -0.026	     0.001	    -0.219	    -0.382	     0.146	    -0.313	     0.098	    -1.793
          0.183	           1.34	           1.41	        -17.133	        131.063	          0.102	          1.071	          1.190	        -17.620	        131.554	        Normal          Normal     0.183	     0.342	     0.117	     0.415	     0.172	     0.102	     0.071	     0.005	     0.190	     0.036	     0.490
         0.0525	           1.62	            1.7	        -18.988	        133.471	         -0.242	          1.365	          1.517	        -20.042	        134.699	        Normal          Normal     0.053	     0.616	     0.379	     0.703	     0.494	    -0.242	     0.365	     0.133	     0.517	     0.267	     1.228
         -0.399	           1.37	           1.44	        -17.305	        131.287	         -0.058	          1.058	          1.176	        -17.496	        131.393	        Normal          Normal    -0.399	     0.366	     0.134	     0.439	     0.193	    -0.058	     0.058	     0.003	     0.176	     0.031	     0.106
          0.475	           1.67	           1.76	        -19.299	        133.875	          0.404	          1.345	          1.495	        -19.898	        134.511	        Normal          Normal     0.475	     0.667	     0.445	     0.757	     0.573	     0.404	     0.345	     0.119	     0.495	     0.245	     0.636
          0.192	           1.22	           1.29	        -16.190	        129.839	          0.016	          0.904	          1.005	        -15.924	        129.352	       Laplace         Laplace     0.192	     0.222	     0.049	     0.288	     0.083	     0.016	    -0.096	     0.009	     0.005	     0.000	    -0.487
          0.436	          0.948	          0.999	        -13.654	        126.546	          0.133	          0.615	          0.684	        -12.073	        124.352	       Laplace         Laplace     0.436	    -0.052	     0.003	    -0.001	     0.000	     0.133	    -0.385	     0.148	    -0.316	     0.100	    -2.194
          0.642	           1.23	           1.29	        -16.221	        129.879	          0.420	          0.931	          1.034	        -16.217	        129.731	       Laplace         Laplace     0.642	     0.225	     0.051	     0.292	     0.085	     0.420	    -0.069	     0.005	     0.034	     0.001	    -0.148
          0.319	           2.28	            2.4	        -22.418	        137.925	          0.163	          1.503	          1.670	        -21.009	        135.954	       Laplace         Laplace     0.319	     1.277	     1.631	     1.400	     1.960	     0.163	     0.503	     0.253	     0.670	     0.449	    -1.971
         -0.155	          0.809	          0.852	        -12.066	        124.484	         -0.118	          0.628	          0.698	        -12.283	        124.623	        Normal          Normal    -0.155	    -0.191	     0.037	    -0.148	     0.022	    -0.118	    -0.372	     0.138	    -0.302	     0.091	     0.139
          0.452	           1.13	           1.19	        -15.410	        128.826	          0.430	          0.979	          1.088	        -16.720	        130.385	        Normal          Normal     0.452	     0.130	     0.017	     0.191	     0.036	     0.430	    -0.021	     0.000	     0.088	     0.008	     1.559
         0.0492	          0.922	          0.972	        -13.376	        126.185	          0.393	          0.673	          0.748	        -12.968	        125.514	       Laplace         Laplace     0.049	    -0.078	     0.006	    -0.028	     0.001	     0.393	    -0.327	     0.107	    -0.252	     0.064	    -0.671
        -0.0122	           0.94	          0.991	        -13.570	        126.437	          0.022	          0.700	          0.778	        -13.365	        126.028	       Laplace         Laplace    -0.012	    -0.060	     0.004	    -0.009	     0.000	     0.022	    -0.300	     0.090	    -0.222	     0.049	    -0.409
          -0.11	           2.53	           2.67	        -23.482	        139.306	         -0.282	          1.607	          1.785	        -21.675	        136.818	       Laplace         Laplace    -0.110	     1.533	     2.349	     1.670	     2.787	    -0.282	     0.607	     0.368	     0.785	     0.617	    -2.488
        -0.0664	           1.09	           1.15	        -15.039	        128.344	         -0.493	          0.840	          0.934	        -15.190	        128.399	        Normal          Normal    -0.066	     0.089	     0.008	     0.148	     0.022	    -0.493	    -0.160	     0.026	    -0.066	     0.004	     0.055
         0.0747	          0.828	          0.872	        -12.298	        124.785	          0.183	          0.734	          0.815	        -13.835	        126.639	        Normal          Normal     0.075	    -0.172	     0.030	    -0.128	     0.016	     0.183	    -0.266	     0.071	    -0.185	     0.034	     1.854
         -0.113	           1.06	           1.12	        -14.792	        128.023	         -0.270	          0.858	          0.953	        -15.398	        128.668	        Normal          Normal    -0.113	     0.062	     0.004	     0.120	     0.014	    -0.270	    -0.142	     0.020	    -0.047	     0.002	     0.645
         -0.121	           1.11	           1.17	        -15.246	        128.613	          0.253	          0.851	          0.946	        -15.323	        128.571	        Normal         Laplace    -0.121	     0.111	     0.012	     0.172	     0.029	     0.253	    -0.149	     0.022	    -0.054	     0.003	    -0.042
          0.459	          0.831	          0.876	        -12.340	        124.839	          0.403	          0.663	          0.737	        -12.820	        125.321	        Normal          Normal     0.459	    -0.169	     0.029	    -0.124	     0.015	     0.403	    -0.337	     0.114	    -0.263	     0.069	     0.482
         -0.248	          0.499	          0.526	         -7.241	        118.219	         -0.250	          0.392	          0.435	         -7.564	        118.496	        Normal          Normal    -0.248	    -0.501	     0.251	    -0.474	     0.225	    -0.250	    -0.608	     0.370	    -0.565	     0.319	     0.277
           0.52	           1.64	           1.73	        -19.148	        133.679	          0.103	          1.386	          1.540	        -20.196	        134.898	        Normal          Normal     0.520	     0.642	     0.412	     0.731	     0.534	     0.103	     0.386	     0.149	     0.540	     0.292	     1.219
         0.0236	           1.33	            1.4	        -17.060	        130.968	          0.114	          0.966	          1.074	        -16.588	        130.213	       Laplace         Laplace     0.024	     0.333	     0.111	     0.405	     0.164	     0.114	    -0.034	     0.001	     0.074	     0.005	    -0.755
          0.207	          0.976	           1.03	        -13.947	        126.927	          0.124	          0.636	          0.707	        -12.411	        124.789	       Laplace         Laplace     0.207	    -0.024	     0.001	     0.029	     0.001	     0.124	    -0.364	     0.132	    -0.293	     0.086	    -2.137
         -0.165	          0.924	          0.973	        -13.394	        126.208	         -0.054	          0.722	          0.802	        -13.667	        126.421	        Normal          Normal    -0.165	    -0.076	     0.006	    -0.027	     0.001	    -0.054	    -0.278	     0.078	    -0.198	     0.039	     0.213
         -0.596	            1.2	           1.27	        -16.044	        129.649	         -0.654	          0.937	          1.041	        -16.282	        129.816	        Normal          Normal    -0.596	     0.204	     0.042	     0.269	     0.072	    -0.654	    -0.063	     0.004	     0.041	     0.002	     0.167
         -0.495	           1.12	           1.18	        -15.359	        128.759	         -0.009	          0.868	          0.965	        -15.518	        128.824	        Normal          Normal    -0.495	     0.124	     0.015	     0.185	     0.034	    -0.009	    -0.132	     0.017	    -0.035	     0.001	     0.065
          0.343	           2.14	           2.26	        -21.795	        137.116	          0.016	          1.339	          1.488	        -19.854	        134.454	       Laplace         Laplace     0.343	     1.139	     1.298	     1.255	     1.575	     0.016	     0.339	     0.115	     0.488	     0.238	    -2.662
          -0.63	          0.919	          0.969	        -13.348	        126.149	         -0.574	          0.674	          0.749	        -12.994	        125.546	       Laplace         Laplace    -0.630	    -0.081	     0.007	    -0.031	     0.001	    -0.574	    -0.326	     0.106	    -0.251	     0.063	    -0.602
         -0.146	           1.03	           1.08	        -14.477	        127.614	          0.071	          0.924	          1.027	        -16.142	        129.635	        Normal          Normal    -0.146	     0.029	     0.001	     0.085	     0.007	     0.071	    -0.076	     0.006	     0.027	     0.001	     2.020
         -0.737	          0.764	          0.805	        -11.499	        123.747	         -0.759	          0.614	          0.683	        -12.060	        124.335	        Normal          Normal    -0.737	    -0.236	     0.056	    -0.195	     0.038	    -0.759	    -0.386	     0.149	    -0.317	     0.101	     0.588
         -0.299	          0.974	           1.03	        -13.923	        126.895	          0.022	          0.782	          0.869	        -14.472	        127.467	        Normal          Normal    -0.299	    -0.026	     0.001	     0.026	     0.001	     0.022	    -0.218	     0.048	    -0.131	     0.017	     0.572
         -0.789	           1.45	           1.52	        -17.872	        132.023	         -0.512	          1.090	          1.211	        -17.792	        131.777	       Laplace         Laplace    -0.789	     0.445	     0.198	     0.523	     0.274	    -0.512	     0.090	     0.008	     0.211	     0.045	    -0.246
          -0.23	              1	           1.05	        -14.188	        127.239	         -0.113	          0.779	          0.865	        -14.433	        127.415	        Normal          Normal    -0.230	    -0.000	     0.000	     0.054	     0.003	    -0.113	    -0.221	     0.049	    -0.135	     0.018	     0.176
         -0.126	          0.984	           1.04	        -14.032	        127.036	          0.209	          0.782	          0.869	        -14.470	        127.463	        Normal          Normal    -0.126	    -0.016	     0.000	     0.038	     0.001	     0.209	    -0.218	     0.048	    -0.131	     0.017	     0.427
         -0.943	           1.22	           1.29	        -16.183	        129.830	         -0.768	          1.062	          1.180	        -17.533	        131.441	        Normal          Normal    -0.943	     0.221	     0.049	     0.287	     0.082	    -0.768	     0.062	     0.004	     0.180	     0.032	     1.611
          0.806	           1.38	           1.45	        -17.400	        131.410	          0.987	          1.102	          1.224	        -17.903	        131.921	        Normal          Normal     0.806	     0.379	     0.143	     0.453	     0.205	     0.987	     0.102	     0.010	     0.224	     0.050	     0.511
          0.285	           2.24	           2.36	        -22.239	        137.692	         -0.282	          1.596	          1.773	        -21.605	        136.727	       Laplace         Laplace     0.285	     1.237	     1.529	     1.358	     1.843	    -0.282	     0.596	     0.355	     0.773	     0.598	    -0.965
          -0.84	            1.4	           1.48	        -17.583	        131.647	         -0.443	          1.179	          1.309	        -18.574	        132.792	        Normal          Normal    -0.840	     0.404	     0.163	     0.480	     0.230	    -0.443	     0.179	     0.032	     0.309	     0.096	     1.145
          0.322	           1.44	           1.52	        -17.865	        132.013	          0.074	          1.212	          1.347	        -18.857	        133.159	        Normal          Normal     0.322	     0.444	     0.197	     0.522	     0.273	     0.074	     0.212	     0.045	     0.347	     0.120	     1.146
         -0.346	           1.68	           1.77	        -19.356	        133.950	         -0.048	          1.373	          1.526	        -20.101	        134.775	        Normal          Normal    -0.346	     0.676	     0.458	     0.767	     0.589	    -0.048	     0.373	     0.139	     0.526	     0.276	     0.826
         0.0339	           2.23	           2.35	        -22.222	        137.671	          0.585	          1.315	          1.461	        -19.668	        134.212	       Laplace         Laplace     0.034	     1.233	     1.520	     1.354	     1.832	     0.585	     0.315	     0.099	     0.461	     0.212	    -3.459
          0.123	          0.829	          0.874	        -12.316	        124.808	          0.144	          0.668	          0.742	        -12.897	        125.421	        Normal          Normal     0.123	    -0.171	     0.029	    -0.126	     0.016	     0.144	    -0.332	     0.110	    -0.258	     0.066	     0.612
        -0.0788	           1.12	           1.18	        -15.330	        128.722	         -0.105	          0.785	          0.873	        -14.516	        127.523	       Laplace         Laplace    -0.079	     0.121	     0.015	     0.181	     0.033	    -0.105	    -0.215	     0.046	    -0.127	     0.016	    -1.199
         0.0553	          0.397	          0.419	         -4.962	        115.260	         -0.060	          0.319	          0.355	         -5.515	        115.836	        Normal          Normal     0.055	    -0.603	     0.363	    -0.581	     0.338	    -0.060	    -0.681	     0.463	    -0.645	     0.416	     0.576
         -0.679	           2.07	           2.18	        -21.457	        136.677	         -0.040	          1.588	          1.765	        -21.559	        136.668	        Normal         Laplace    -0.679	     1.068	     1.141	     1.180	     1.393	    -0.040	     0.588	     0.346	     0.765	     0.585	    -0.010
          0.586	           1.48	           1.56	        -18.099	        132.317	          0.361	          1.130	          1.256	        -18.155	        132.248	        Normal         Laplace     0.586	     0.478	     0.229	     0.558	     0.312	     0.361	     0.130	     0.017	     0.256	     0.065	    -0.070
         -0.166	          0.659	          0.694	        -10.017	        121.823	         -0.022	          0.515	          0.572	        -10.299	        122.048	        Normal          Normal    -0.166	    -0.341	     0.116	    -0.306	     0.093	    -0.022	    -0.485	     0.235	    -0.428	     0.183	     0.225
         0.0531	          0.666	          0.702	        -10.122	        121.960	         -0.035	          0.429	          0.477	         -8.471	        119.674	       Laplace         Laplace     0.053	    -0.334	     0.112	    -0.298	     0.089	    -0.035	    -0.571	     0.326	    -0.523	     0.274	    -2.286
          0.131	              1	           1.06	        -14.226	        127.288	          0.076	          0.716	          0.795	        -13.588	        126.318	       Laplace         Laplace     0.131	     0.004	     0.000	     0.058	     0.003	     0.076	    -0.284	     0.081	    -0.205	     0.042	    -0.970
         -0.344	           1.08	           1.14	        -14.969	        128.253	         -0.347	          0.847	          0.941	        -15.272	        128.505	        Normal          Normal    -0.344	     0.081	     0.007	     0.140	     0.019	    -0.347	    -0.153	     0.023	    -0.059	     0.003	     0.252
         0.0715	            1.3	           1.37	        -16.830	        130.670	          0.494	          1.051	          1.167	        -17.426	        131.302	        Normal          Normal     0.071	     0.302	     0.091	     0.373	     0.139	     0.494	     0.051	     0.003	     0.167	     0.028	     0.632
          0.236	           1.11	           1.17	        -15.269	        128.642	          0.108	          0.898	          0.998	        -15.853	        129.260	        Normal          Normal     0.236	     0.114	     0.013	     0.174	     0.030	     0.108	    -0.102	     0.010	    -0.002	     0.000	     0.618
          0.234	            1.5	           1.58	        -18.224	        132.479	         -0.082	          1.040	          1.155	        -17.323	        131.167	       Laplace         Laplace     0.234	     0.497	     0.247	     0.578	     0.334	    -0.082	     0.040	     0.002	     0.155	     0.024	    -1.312
         -0.642	           1.51	            1.6	        -18.340	        132.630	         -0.322	          1.203	          1.337	        -18.781	        133.061	        Normal          Normal    -0.642	     0.514	     0.265	     0.596	     0.356	    -0.322	     0.203	     0.041	     0.337	     0.113	     0.431
          -0.17	          0.695	          0.732	        -10.549	        122.514	         -0.032	          0.616	          0.684	        -12.080	        124.360	        Normal          Normal    -0.170	    -0.305	     0.093	    -0.268	     0.072	    -0.032	    -0.384	     0.148	    -0.316	     0.100	     1.846
          0.432	           1.53	           1.61	        -18.413	        132.725	          0.672	          1.129	          1.254	        -18.143	        132.233	       Laplace         Laplace     0.432	     0.526	     0.276	     0.608	     0.370	     0.672	     0.129	     0.017	     0.254	     0.065	    -0.492
          0.366	          0.742	          0.782	        -11.203	        123.363	          0.537	          0.556	          0.618	        -11.062	        123.038	       Laplace         Laplace     0.366	    -0.258	     0.067	    -0.218	     0.048	     0.537	    -0.444	     0.197	    -0.382	     0.146	    -0.325
          0.507	          0.567	          0.598	         -8.518	        119.876	          0.264	          0.494	          0.549	         -9.887	        121.513	        Normal          Normal     0.507	    -0.433	     0.187	    -0.402	     0.162	     0.264	    -0.506	     0.256	    -0.451	     0.203	     1.637
         -0.187	           1.06	           1.12	        -14.813	        128.050	          0.257	          0.847	          0.941	        -15.272	        128.505	        Normal          Normal    -0.187	     0.064	     0.004	     0.122	     0.015	     0.257	    -0.153	     0.023	    -0.059	     0.003	     0.455
          0.866	           1.34	           1.41	        -17.080	        130.994	          0.168	          1.060	          1.178	        -17.518	        131.421	        Normal          Normal     0.866	     0.335	     0.112	     0.407	     0.166	     0.168	     0.060	     0.004	     0.178	     0.032	     0.427
          0.726	           1.73	           1.83	        -19.688	        134.380	         -0.155	          1.404	          1.560	        -20.325	        135.065	        Normal          Normal     0.726	     0.733	     0.537	     0.827	     0.684	    -0.155	     0.404	     0.163	     0.560	     0.314	     0.685
         -0.114	           1.61	           1.69	        -18.928	        133.394	         -0.064	          1.240	          1.378	        -19.082	        133.451	        Normal          Normal    -0.114	     0.606	     0.367	     0.693	     0.480	    -0.064	     0.240	     0.058	     0.378	     0.143	     0.058
           0.11	           1.22	           1.29	        -16.215	        129.871	          0.035	          0.897	          0.997	        -15.846	        129.250	       Laplace         Laplace     0.110	     0.225	     0.050	     0.291	     0.085	     0.035	    -0.103	     0.011	    -0.003	     0.000	    -0.622
           0.91	          0.764	          0.805	        -11.493	        123.740	          0.649	          0.599	          0.666	        -11.810	        124.009	        Normal          Normal     0.910	    -0.236	     0.056	    -0.195	     0.038	     0.649	    -0.401	     0.161	    -0.334	     0.112	     0.270
         -0.305	           1.78	           1.88	        -19.960	        134.733	         -0.258	          1.367	          1.519	        -20.058	        134.719	        Normal         Laplace    -0.305	     0.781	     0.610	     0.877	     0.769	    -0.258	     0.367	     0.135	     0.519	     0.269	    -0.015
        -0.0721	           1.01	           1.06	        -14.279	        127.358	         -0.033	          0.839	          0.933	        -15.180	        128.385	        Normal          Normal    -0.072	     0.009	     0.000	     0.064	     0.004	    -0.033	    -0.161	     0.026	    -0.067	     0.005	     1.027
         0.0821	            1.7	           1.79	        -19.485	        134.116	         -0.217	          1.290	          1.433	        -19.474	        133.961	       Laplace         Laplace     0.082	     0.698	     0.487	     0.790	     0.624	    -0.217	     0.290	     0.084	     0.433	     0.187	    -0.156
         -0.196	          0.636	          0.671	         -9.665	        121.367	         -0.209	          0.498	          0.553	         -9.952	        121.597	        Normal          Normal    -0.196	    -0.364	     0.132	    -0.329	     0.109	    -0.209	    -0.502	     0.252	    -0.447	     0.200	     0.230
         -0.558	           1.18	           1.24	        -15.834	        129.376	         -0.441	          1.040	          1.156	        -17.326	        131.171	        Normal          Normal    -0.558	     0.179	     0.032	     0.242	     0.059	    -0.441	     0.040	     0.002	     0.156	     0.024	     1.795
         -0.434	           1.55	           1.63	        -18.565	        132.922	         -0.087	          1.332	          1.480	        -19.799	        134.383	        Normal          Normal    -0.434	     0.549	     0.301	     0.633	     0.400	    -0.087	     0.332	     0.110	     0.480	     0.231	     1.461
          0.336	           1.03	           1.09	        -14.528	        127.681	         -0.122	          0.809	          0.899	        -14.816	        127.912	        Normal          Normal     0.336	     0.034	     0.001	     0.090	     0.008	    -0.122	    -0.191	     0.036	    -0.101	     0.010	     0.231
        -0.0615	          0.792	          0.835	        -11.859	        124.216	         -0.059	          0.613	          0.681	        -12.029	        124.294	        Normal          Normal    -0.061	    -0.208	     0.043	    -0.165	     0.027	    -0.059	    -0.387	     0.150	    -0.319	     0.102	     0.079
         -0.553	           1.27	           1.34	        -16.603	        130.375	         -0.135	          0.916	          1.018	        -16.053	        129.519	       Laplace         Laplace    -0.553	     0.273	     0.075	     0.342	     0.117	    -0.135	    -0.084	     0.007	     0.018	     0.000	    -0.856
          0.514	          0.975	           1.03	        -13.934	        126.909	          0.401	          0.784	          0.871	        -14.499	        127.501	        Normal          Normal     0.514	    -0.025	     0.001	     0.027	     0.001	     0.401	    -0.216	     0.047	    -0.129	     0.017	     0.593
           0.43	          0.713	          0.752	        -10.806	        122.848	          0.435	          0.542	          0.602	        -10.801	        122.700	       Laplace         Laplace     0.430	    -0.287	     0.082	    -0.248	     0.062	     0.435	    -0.458	     0.210	    -0.398	     0.158	    -0.148
          0.225	           1.23	            1.3	        -16.252	        129.919	          0.437	          1.031	          1.145	        -17.233	        131.051	        Normal          Normal     0.225	     0.229	     0.052	     0.296	     0.087	     0.437	     0.031	     0.001	     0.145	     0.021	     1.132
         -0.159	           1.61	           1.69	        -18.925	        133.390	         -0.079	          1.168	          1.298	        -18.489	        132.681	       Laplace         Laplace    -0.159	     0.606	     0.367	     0.693	     0.480	    -0.079	     0.168	     0.028	     0.298	     0.089	    -0.709
          0.183	           1.34	           1.41	        -17.079	        130.993	          0.491	          1.050	          1.167	        -17.424	        131.299	        Normal          Normal     0.183	     0.335	     0.112	     0.407	     0.166	     0.491	     0.050	     0.003	     0.167	     0.028	     0.306
          0.275	          0.696	          0.734	        -10.572	        122.544	          0.180	          0.595	          0.661	        -11.736	        123.914	        Normal          Normal     0.275	    -0.304	     0.092	    -0.266	     0.071	     0.180	    -0.405	     0.164	    -0.339	     0.115	     1.370
          0.134	           1.62	           1.71	        -19.006	        133.494	          0.032	          1.283	          1.425	        -19.420	        133.890	        Normal          Normal     0.134	     0.619	     0.383	     0.706	     0.499	     0.032	     0.283	     0.080	     0.425	     0.181	     0.396
         -0.305	           1.62	           1.71	        -19.025	        133.519	         -0.264	          1.280	          1.422	        -19.401	        133.866	        Normal          Normal    -0.305	     0.622	     0.387	     0.710	     0.503	    -0.264	     0.280	     0.078	     0.422	     0.178	     0.346
         -0.428	           1.57	           1.66	        -18.716	        133.118	         -0.675	          1.278	          1.420	        -19.386	        133.846	        Normal          Normal    -0.428	     0.572	     0.328	     0.658	     0.432	    -0.675	     0.278	     0.077	     0.420	     0.177	     0.728
         -0.704	           1.35	           1.42	        -17.163	        131.102	         -0.242	          1.033	          1.148	        -17.258	        131.084	        Normal         Laplace    -0.704	     0.346	     0.120	     0.419	     0.176	    -0.242	     0.033	     0.001	     0.148	     0.022	    -0.018
         0.0975	           2.25	           2.38	        -22.321	        137.799	         -0.092	          1.570	          1.744	        -21.439	        136.512	       Laplace         Laplace     0.097	     1.255	     1.575	     1.377	     1.896	    -0.092	     0.570	     0.324	     0.744	     0.553	    -1.287
          0.295	           1.28	           1.35	        -16.681	        130.476	          0.164	          0.906	          1.007	        -15.945	        129.379	       Laplace         Laplace     0.295	     0.283	     0.080	     0.352	     0.124	     0.164	    -0.094	     0.009	     0.007	     0.000	    -1.097
          0.144	          0.908	          0.957	        -13.220	        125.982	          0.132	          0.704	          0.782	        -13.425	        126.106	        Normal          Normal     0.144	    -0.092	     0.009	    -0.043	     0.002	     0.132	    -0.296	     0.087	    -0.218	     0.047	     0.124
         0.0448	           0.88	          0.927	        -12.906	        125.575	          0.011	          0.688	          0.764	        -13.189	        125.800	        Normal          Normal     0.045	    -0.120	     0.015	    -0.073	     0.005	     0.011	    -0.312	     0.097	    -0.236	     0.056	     0.225
          0.345	           2.16	           2.28	        -21.900	        137.252	         -0.233	          1.564	          1.737	        -21.401	        136.463	       Laplace         Laplace     0.345	     1.162	     1.350	     1.279	     1.636	    -0.233	     0.564	     0.318	     0.737	     0.544	    -0.789
          0.209	           1.96	           2.06	        -20.895	        135.948	         -0.111	          1.221	          1.357	        -18.931	        133.256	       Laplace         Laplace     0.209	     0.955	     0.913	     1.061	     1.126	    -0.111	     0.221	     0.049	     0.357	     0.128	    -2.691
          0.414	            1.6	           1.69	        -18.901	        133.358	          0.298	          1.268	          1.409	        -19.309	        133.747	        Normal          Normal     0.414	     0.602	     0.362	     0.688	     0.474	     0.298	     0.268	     0.072	     0.409	     0.168	     0.388
        -0.0096	           1.34	           1.41	        -17.129	        131.058	          0.237	          0.848	          0.942	        -15.285	        128.522	       Laplace         Laplace    -0.010	     0.342	     0.117	     0.414	     0.172	     0.237	    -0.152	     0.023	    -0.058	     0.003	    -2.537
          0.422	           1.68	           1.77	        -19.394	        133.998	          0.122	          1.073	          1.193	        -17.639	        131.578	       Laplace         Laplace     0.422	     0.683	     0.466	     0.774	     0.599	     0.122	     0.073	     0.005	     0.193	     0.037	    -2.420
          0.705	          0.988	           1.04	        -14.071	        127.087	          1.044	          0.727	          0.808	        -13.740	        126.516	       Laplace         Laplace     0.705	    -0.012	     0.000	     0.042	     0.002	     1.044	    -0.273	     0.075	    -0.192	     0.037	    -0.571
          0.159	            1.5	           1.58	        -18.253	        132.518	         -0.027	          1.182	          1.313	        -18.602	        132.828	        Normal          Normal     0.159	     0.501	     0.251	     0.583	     0.339	    -0.027	     0.182	     0.033	     0.313	     0.098	     0.311
          0.111	            1.1	           1.16	        -15.159	        128.500	          0.082	          0.814	          0.905	        -14.876	        127.991	       Laplace         Laplace     0.111	     0.102	     0.010	     0.161	     0.026	     0.082	    -0.186	     0.035	    -0.095	     0.009	    -0.510
         -0.137	           1.64	           1.73	        -19.129	        133.655	         -0.259	          1.184	          1.316	        -18.621	        132.854	       Laplace         Laplace    -0.137	     0.639	     0.408	     0.728	     0.529	    -0.259	     0.184	     0.034	     0.316	     0.100	    -0.801
         -0.458	           1.01	           1.07	        -14.294	        127.377	         -0.436	          0.725	          0.806	        -13.716	        126.484	       Laplace         Laplace    -0.458	     0.011	     0.000	     0.065	     0.004	    -0.436	    -0.275	     0.076	    -0.194	     0.038	    -0.893
          0.313	           1.71	            1.8	        -19.554	        134.206	          0.244	          1.348	          1.498	        -19.918	        134.538	        Normal          Normal     0.313	     0.710	     0.504	     0.802	     0.644	     0.244	     0.348	     0.121	     0.498	     0.248	     0.332
