          0.582	          0.876	          0.906	        -19.293	        185.221	          0.428	          0.613	          0.656	        -18.048	        183.417	       Laplace         Laplace     0.582	    -0.124	     0.015	    -0.094	     0.009	     0.428	    -0.387	     0.150	    -0.344	     0.118	    -1.805
          0.145	          0.877	          0.908	        -19.319	        185.257	          0.161	          0.735	          0.787	        -20.775	        187.088	        Normal          Normal     0.145	    -0.123	     0.015	    -0.092	     0.008	     0.161	    -0.265	     0.070	    -0.213	     0.045	     1.831
          0.558	           1.35	            1.4	        -25.809	        193.995	          0.243	          0.962	          1.030	        -24.813	        192.526	       Laplace         Laplace     0.558	     0.352	     0.124	     0.400	     0.160	     0.243	    -0.038	     0.001	     0.030	     0.001	    -1.470
           0.51	           1.41	           1.46	        -26.433	        194.835	          0.568	          0.920	          0.986	        -24.144	        191.625	       Laplace         Laplace     0.510	     0.410	     0.168	     0.459	     0.211	     0.568	    -0.080	     0.006	    -0.014	     0.000	    -3.210
          0.372	           1.47	           1.52	        -27.092	        195.723	          0.434	          1.195	          1.280	        -28.066	        196.906	        Normal          Normal     0.372	     0.473	     0.224	     0.525	     0.275	     0.434	     0.195	     0.038	     0.280	     0.078	     1.183
          0.302	           1.11	           1.15	        -22.808	        189.955	         -0.050	          0.850	          0.911	        -22.958	        190.028	        Normal          Normal     0.302	     0.107	     0.011	     0.146	     0.021	    -0.050	    -0.150	     0.023	    -0.089	     0.008	     0.073
         -0.283	           0.79	          0.818	        -17.746	        183.138	         -0.261	          0.673	          0.722	        -19.466	        185.326	        Normal          Normal    -0.283	    -0.210	     0.044	    -0.182	     0.033	    -0.261	    -0.327	     0.107	    -0.278	     0.078	     2.187
          0.414	           1.31	           1.36	        -25.362	        193.394	         -0.033	          1.034	          1.107	        -25.892	        193.978	        Normal          Normal     0.414	     0.312	     0.098	     0.359	     0.129	    -0.033	     0.034	     0.001	     0.107	     0.012	     0.584
          -0.12	          0.932	          0.965	        -20.226	        186.479	         -0.107	          0.656	          0.702	        -19.063	        184.783	       Laplace         Laplace    -0.120	    -0.068	     0.005	    -0.035	     0.001	    -0.107	    -0.344	     0.119	    -0.298	     0.089	    -1.696
         -0.533	           1.65	           1.71	        -28.795	        198.016	         -0.515	          1.326	          1.420	        -29.627	        199.007	        Normal          Normal    -0.533	     0.650	     0.422	     0.708	     0.501	    -0.515	     0.326	     0.106	     0.420	     0.177	     0.991
        -0.0844	           2.08	           2.15	        -32.237	        202.651	          0.033	          1.299	          1.392	        -29.323	        198.598	       Laplace         Laplace    -0.084	     1.075	     1.157	     1.148	     1.319	     0.033	     0.299	     0.089	     0.392	     0.154	    -4.053
           0.14	           1.56	           1.62	        -27.975	        196.913	         -0.156	          1.047	          1.121	        -26.079	        194.231	       Laplace         Laplace     0.140	     0.562	     0.316	     0.617	     0.381	    -0.156	     0.047	     0.002	     0.121	     0.015	    -2.682
         -0.071	           1.38	           1.43	        -26.093	        194.379	         -0.154	          1.066	          1.142	        -26.355	        194.602	        Normal          Normal    -0.071	     0.378	     0.143	     0.426	     0.182	    -0.154	     0.066	     0.004	     0.142	     0.020	     0.223
         0.0643	          0.624	          0.646	        -14.201	        178.366	          0.035	          0.490	          0.525	        -14.685	        178.888	        Normal          Normal     0.064	    -0.376	     0.142	    -0.354	     0.126	     0.035	    -0.510	     0.261	    -0.475	     0.226	     0.522
          0.132	           1.19	           1.23	        -23.887	        191.408	          0.482	          0.689	          0.738	        -19.805	        185.782	       Laplace         Laplace     0.132	     0.190	     0.036	     0.231	     0.053	     0.482	    -0.311	     0.097	    -0.262	     0.069	    -5.626
         -0.154	           0.91	          0.942	        -19.872	        186.002	         -0.156	          0.675	          0.724	        -19.512	        185.388	       Laplace         Laplace    -0.154	    -0.090	     0.008	    -0.058	     0.003	    -0.156	    -0.325	     0.105	    -0.276	     0.076	    -0.614
           0.19	           1.28	           1.33	        -25.027	        192.943	         -0.005	          1.043	          1.118	        -26.031	        194.165	        Normal          Normal     0.190	     0.283	     0.080	     0.328	     0.108	    -0.005	     0.043	     0.002	     0.118	     0.014	     1.222
          0.232	            1.2	           1.24	        -23.976	        191.527	          0.264	          0.993	          1.064	        -25.288	        193.165	        Normal          Normal     0.232	     0.197	     0.039	     0.239	     0.057	     0.264	    -0.007	     0.000	     0.064	     0.004	     1.638
        -0.0259	           1.04	           1.07	        -21.819	        188.623	         -0.086	          0.758	          0.812	        -21.240	        187.714	       Laplace         Laplace    -0.026	     0.036	     0.001	     0.073	     0.005	    -0.086	    -0.242	     0.059	    -0.188	     0.035	    -0.909
          0.345	           1.25	           1.29	        -24.624	        192.400	          0.011	          0.939	          1.006	        -24.453	        192.041	       Laplace         Laplace     0.345	     0.249	     0.062	     0.293	     0.086	     0.011	    -0.061	     0.004	     0.006	     0.000	    -0.359
         0.0547	          0.877	          0.908	        -19.314	        185.250	         -0.087	          0.658	          0.705	        -19.127	        184.869	       Laplace         Laplace     0.055	    -0.123	     0.015	    -0.092	     0.009	    -0.087	    -0.342	     0.117	    -0.295	     0.087	    -0.382
          0.453	           1.32	           1.36	        -25.422	        193.475	          0.376	          1.017	          1.089	        -25.643	        193.643	        Normal          Normal     0.453	     0.318	     0.101	     0.364	     0.132	     0.376	     0.017	     0.000	     0.089	     0.008	     0.169
          0.207	           1.55	            1.6	        -27.845	        196.737	         -0.012	          1.122	          1.203	        -27.128	        195.643	       Laplace         Laplace     0.207	     0.549	     0.301	     0.603	     0.364	    -0.012	     0.122	     0.015	     0.203	     0.041	    -1.094
         -0.203	           1.74	            1.8	        -29.573	        199.064	          0.228	          1.330	          1.425	        -29.679	        199.078	        Normal          Normal    -0.203	     0.738	     0.544	     0.799	     0.638	     0.228	     0.330	     0.109	     0.425	     0.181	     0.014
          0.406	           1.05	           1.08	        -21.973	        188.831	          0.120	          0.769	          0.824	        -21.464	        188.016	       Laplace         Laplace     0.406	     0.047	     0.002	     0.084	     0.007	     0.120	    -0.231	     0.053	    -0.176	     0.031	    -0.815
        -0.0163	           1.26	            1.3	        -24.751	        192.571	          0.111	          0.917	          0.983	        -24.105	        191.572	       Laplace         Laplace    -0.016	     0.260	     0.068	     0.304	     0.093	     0.111	    -0.083	     0.007	    -0.017	     0.000	    -0.998
          0.116	           1.16	            1.2	        -23.521	        190.914	          0.254	          1.029	          1.103	        -25.831	        193.896	        Normal          Normal     0.116	     0.161	     0.026	     0.202	     0.041	     0.254	     0.029	     0.001	     0.103	     0.011	     2.982
         -0.184	           1.49	           1.54	        -27.233	        195.913	         -0.022	          1.238	          1.327	        -28.605	        197.632	        Normal          Normal    -0.184	     0.487	     0.237	     0.539	     0.290	    -0.022	     0.238	     0.057	     0.327	     0.107	     1.719
         0.0601	           1.04	           1.08	        -21.909	        188.744	         -0.034	          0.836	          0.896	        -22.719	        189.706	        Normal          Normal     0.060	     0.043	     0.002	     0.079	     0.006	    -0.034	    -0.164	     0.027	    -0.104	     0.011	     0.962
          -0.23	           1.17	           1.21	        -23.659	        191.101	          0.097	          0.920	          0.986	        -24.152	        191.635	        Normal          Normal    -0.230	     0.172	     0.029	     0.213	     0.045	     0.097	    -0.080	     0.006	    -0.014	     0.000	     0.535
        -0.0646	           1.17	           1.21	        -23.590	        191.008	         -0.415	          0.821	          0.880	        -22.438	        189.327	       Laplace         Laplace    -0.065	     0.166	     0.028	     0.207	     0.043	    -0.415	    -0.179	     0.032	    -0.120	     0.015	    -1.681
          0.217	          0.886	          0.917	        -19.474	        185.465	          0.063	          0.663	          0.711	        -19.240	        185.022	       Laplace         Laplace     0.217	    -0.114	     0.013	    -0.083	     0.007	     0.063	    -0.337	     0.113	    -0.289	     0.084	    -0.444
          0.654	          0.921	          0.953	        -20.043	        186.231	          0.640	          0.808	          0.866	        -22.207	        189.016	        Normal          Normal     0.654	    -0.079	     0.006	    -0.047	     0.002	     0.640	    -0.192	     0.037	    -0.134	     0.018	     2.785
          0.158	           1.13	           1.17	        -23.058	        190.291	         -0.114	          0.890	          0.954	        -23.656	        190.968	        Normal          Normal     0.158	     0.126	     0.016	     0.165	     0.027	    -0.114	    -0.110	     0.012	    -0.046	     0.002	     0.676
          -1.07	           1.35	           1.39	        -25.735	        193.896	         -0.663	          1.061	          1.137	        -26.290	        194.515	        Normal          Normal    -1.071	     0.345	     0.119	     0.393	     0.154	    -0.663	     0.061	     0.004	     0.137	     0.019	     0.618
         0.0575	           1.12	           1.16	        -23.044	        190.273	          0.131	          0.834	          0.893	        -22.671	        189.641	       Laplace         Laplace     0.057	     0.124	     0.015	     0.164	     0.027	     0.131	    -0.166	     0.028	    -0.107	     0.011	    -0.632
          0.388	           1.58	           1.63	        -28.130	        197.121	          0.534	          1.083	          1.160	        -26.594	        194.924	       Laplace         Laplace     0.388	     0.578	     0.335	     0.634	     0.402	     0.534	     0.083	     0.007	     0.160	     0.026	    -2.197
         -0.557	           1.67	           1.73	        -28.985	        198.272	         -0.283	          1.157	          1.240	        -27.586	        196.260	       Laplace         Laplace    -0.557	     0.671	     0.450	     0.730	     0.532	    -0.283	     0.157	     0.025	     0.240	     0.057	    -2.012
          0.121	              2	           2.07	        -31.693	        201.918	          0.039	          1.566	          1.678	        -32.128	        202.376	        Normal          Normal     0.121	     1.002	     1.003	     1.072	     1.149	     0.039	     0.566	     0.321	     0.678	     0.460	     0.457
         0.0078	           1.02	           1.05	        -21.551	        188.263	          0.006	          0.788	          0.845	        -21.830	        188.509	        Normal          Normal     0.008	     0.018	     0.000	     0.054	     0.003	     0.006	    -0.212	     0.045	    -0.155	     0.024	     0.246
         0.0339	            1.5	           1.55	        -27.334	        196.050	          0.110	          1.160	          1.242	        -27.617	        196.302	        Normal          Normal     0.034	     0.497	     0.247	     0.549	     0.302	     0.110	     0.160	     0.025	     0.242	     0.059	     0.252
         0.0505	           1.01	           1.04	        -21.383	        188.036	         -0.209	          0.762	          0.817	        -21.325	        187.829	       Laplace         Laplace     0.050	     0.007	     0.000	     0.042	     0.002	    -0.209	    -0.238	     0.057	    -0.183	     0.034	    -0.207
        0.00593	          0.601	          0.622	        -13.655	        177.630	         -0.061	          0.481	          0.516	        -14.429	        178.544	        Normal          Normal     0.006	    -0.399	     0.159	    -0.378	     0.143	    -0.061	    -0.519	     0.269	    -0.484	     0.235	     0.914
          0.419	            0.9	          0.932	        -19.711	        185.784	          0.587	          0.786	          0.842	        -21.778	        188.438	        Normal          Normal     0.419	    -0.100	     0.010	    -0.068	     0.005	     0.587	    -0.214	     0.046	    -0.158	     0.025	     2.654
         -0.269	           1.57	           1.63	        -28.092	        197.070	         -0.427	          1.240	          1.329	        -28.626	        197.660	        Normal          Normal    -0.269	     0.574	     0.330	     0.630	     0.396	    -0.427	     0.240	     0.058	     0.329	     0.108	     0.590
        -0.0477	           2.18	           2.26	        -32.994	        203.670	         -0.225	          1.687	          1.807	        -33.240	        203.873	        Normal          Normal    -0.048	     1.183	     1.399	     1.259	     1.586	    -0.225	     0.687	     0.472	     0.807	     0.652	     0.203
          0.522	           1.59	           1.64	        -28.228	        197.253	          0.035	          0.931	          0.998	        -24.328	        191.873	       Laplace         Laplace     0.522	     0.589	     0.347	     0.644	     0.415	     0.035	    -0.069	     0.005	    -0.002	     0.000	    -5.381
         -0.494	           1.98	           2.05	        -31.553	        201.731	         -0.178	          1.418	          1.520	        -30.640	        200.372	       Laplace         Laplace    -0.494	     0.983	     0.966	     1.053	     1.108	    -0.178	     0.418	     0.175	     0.520	     0.270	    -1.359
         -0.287	           1.63	           1.69	        -28.656	        197.829	          0.078	          1.196	          1.282	        -28.084	        196.931	       Laplace         Laplace    -0.287	     0.635	     0.403	     0.692	     0.479	     0.078	     0.196	     0.038	     0.282	     0.079	    -0.898
         -0.173	           1.04	           1.08	        -21.923	        188.763	         -0.110	          0.761	          0.815	        -21.296	        187.791	       Laplace         Laplace    -0.173	     0.044	     0.002	     0.080	     0.006	    -0.110	    -0.239	     0.057	    -0.185	     0.034	    -0.973
         -0.205	          0.763	           0.79	        -17.234	        182.450	         -0.203	          0.509	          0.546	        -15.275	        179.683	       Laplace         Laplace    -0.205	    -0.237	     0.056	    -0.210	     0.044	    -0.203	    -0.491	     0.241	    -0.454	     0.206	    -2.767
         -0.176	           1.15	           1.19	        -23.410	        190.765	          0.029	          0.784	          0.840	        -21.739	        188.387	       Laplace         Laplace    -0.176	     0.152	     0.023	     0.193	     0.037	     0.029	    -0.216	     0.047	    -0.160	     0.026	    -2.378
         -0.208	           1.37	           1.41	        -25.964	        194.205	          0.080	          0.947	          1.015	        -24.587	        192.221	       Laplace         Laplace    -0.208	     0.366	     0.134	     0.414	     0.171	     0.080	    -0.053	     0.003	     0.015	     0.000	    -1.984
        -0.0571	           1.66	           1.72	        -28.861	        198.106	         -0.173	          1.246	          1.335	        -28.699	        197.759	       Laplace         Laplace    -0.057	     0.657	     0.432	     0.715	     0.512	    -0.173	     0.246	     0.061	     0.335	     0.112	    -0.347
          0.673	            1.1	           1.14	        -22.674	        189.775	          0.951	          0.914	          0.980	        -24.052	        191.500	        Normal          Normal     0.673	     0.097	     0.009	     0.136	     0.018	     0.951	    -0.086	     0.007	    -0.020	     0.000	     1.726
         -0.831	           1.28	           1.32	        -24.951	        192.840	         -0.960	          1.024	          1.097	        -25.751	        193.789	        Normal          Normal    -0.831	     0.277	     0.077	     0.322	     0.103	    -0.960	     0.024	     0.001	     0.097	     0.009	     0.949
         -0.337	          0.895	          0.926	        -19.618	        185.660	         -0.481	          0.711	          0.762	        -20.291	        186.436	        Normal          Normal    -0.337	    -0.105	     0.011	    -0.074	     0.005	    -0.481	    -0.289	     0.083	    -0.238	     0.057	     0.776
         -0.207	          0.967	              1	        -20.780	        187.224	         -0.175	          0.590	          0.632	        -17.486	        182.660	       Laplace         Laplace    -0.207	    -0.033	     0.001	     0.001	     0.000	    -0.175	    -0.410	     0.168	    -0.368	     0.135	    -4.564
         -0.449	           1.51	           1.56	        -27.482	        196.249	          0.027	          0.787	          0.844	        -21.809	        188.481	       Laplace         Laplace    -0.449	     0.512	     0.262	     0.565	     0.319	     0.027	    -0.213	     0.045	    -0.156	     0.024	    -7.767
          0.126	           1.19	           1.23	        -23.901	        191.427	          0.381	          0.915	          0.980	        -24.065	        191.518	        Normal          Normal     0.126	     0.191	     0.036	     0.232	     0.054	     0.381	    -0.085	     0.007	    -0.020	     0.000	     0.091
           0.23	           1.69	           1.75	        -29.184	        198.541	          0.043	          1.242	          1.330	        -28.645	        197.685	       Laplace         Laplace     0.230	     0.693	     0.481	     0.753	     0.567	     0.043	     0.242	     0.058	     0.330	     0.109	    -0.855
         -0.203	           1.02	           1.06	        -21.631	        188.370	         -0.132	          0.865	          0.927	        -23.218	        190.378	        Normal          Normal    -0.203	     0.023	     0.001	     0.059	     0.004	    -0.132	    -0.135	     0.018	    -0.073	     0.005	     2.009
         -0.492	          0.851	          0.881	        -18.863	        184.643	         -0.448	          0.589	          0.631	        -17.445	        182.605	       Laplace         Laplace    -0.492	    -0.149	     0.022	    -0.119	     0.014	    -0.448	    -0.411	     0.169	    -0.369	     0.136	    -2.038
         -0.675	           1.23	           1.27	        -24.379	        192.070	         -0.462	          0.811	          0.869	        -22.251	        189.076	       Laplace         Laplace    -0.675	     0.229	     0.052	     0.272	     0.074	    -0.462	    -0.189	     0.036	    -0.131	     0.017	    -2.993
        -0.0429	          0.971	           1.01	        -20.847	        187.314	          0.210	          0.711	          0.762	        -20.277	        186.418	       Laplace         Laplace    -0.043	    -0.029	     0.001	     0.005	     0.000	     0.210	    -0.289	     0.084	    -0.238	     0.057	    -0.897
          0.343	           1.16	            1.2	        -23.490	        190.873	          0.263	          0.881	          0.943	        -23.489	        190.743	       Laplace         Laplace     0.343	     0.158	     0.025	     0.199	     0.040	     0.263	    -0.119	     0.014	    -0.057	     0.003	    -0.131
         0.0192	           1.58	           1.63	        -28.110	        197.094	          0.349	          1.137	          1.219	        -27.327	        195.910	       Laplace         Laplace     0.019	     0.576	     0.332	     0.632	     0.399	     0.349	     0.137	     0.019	     0.219	     0.048	    -1.184
          0.105	           1.34	           1.39	        -25.720	        193.876	          0.226	          1.066	          1.142	        -26.350	        194.596	        Normal          Normal     0.105	     0.344	     0.118	     0.391	     0.153	     0.226	     0.066	     0.004	     0.142	     0.020	     0.720
          0.737	           1.37	           1.42	        -25.996	        194.248	          0.060	          0.965	          1.034	        -24.866	        192.597	       Laplace         Laplace     0.737	     0.369	     0.136	     0.417	     0.174	     0.060	    -0.035	     0.001	     0.034	     0.001	    -1.651
         -0.157	           1.75	           1.81	        -29.656	        199.176	         -0.312	          1.179	          1.263	        -27.866	        196.637	       Laplace         Laplace    -0.157	     0.747	     0.559	     0.809	     0.654	    -0.312	     0.179	     0.032	     0.263	     0.069	    -2.539
         0.0006	           1.07	           1.11	        -22.318	        189.295	          0.122	          0.869	          0.931	        -23.293	        190.479	        Normal          Normal     0.001	     0.071	     0.005	     0.109	     0.012	     0.122	    -0.131	     0.017	    -0.069	     0.005	     1.184
         -0.125	           1.17	           1.21	        -23.633	        191.066	         -0.160	          0.854	          0.915	        -23.035	        190.131	       Laplace         Laplace    -0.125	     0.170	     0.029	     0.211	     0.044	    -0.160	    -0.146	     0.021	    -0.085	     0.007	    -0.935
          0.417	           2.76	           2.85	        -36.494	        208.384	          0.045	          1.724	          1.847	        -33.567	        204.314	       Laplace         Laplace     0.417	     1.757	     3.086	     1.853	     3.435	     0.045	     0.724	     0.524	     0.847	     0.718	    -4.070
          0.853	           1.73	           1.79	        -29.475	        198.932	          0.892	          1.308	          1.402	        -29.428	        198.739	       Laplace         Laplace     0.853	     0.726	     0.528	     0.787	     0.619	     0.892	     0.308	     0.095	     0.402	     0.161	    -0.192
          0.373	           1.93	              2	        -31.158	        201.198	         -0.111	          0.927	          0.993	        -24.254	        191.773	       Laplace         Laplace     0.373	     0.931	     0.868	     0.999	     0.998	    -0.111	    -0.073	     0.005	    -0.007	     0.000	    -9.426
           0.17	           1.41	           1.46	        -26.416	        194.813	         -0.030	          0.788	          0.844	        -21.822	        188.498	       Laplace         Laplace     0.170	     0.408	     0.166	     0.457	     0.209	    -0.030	    -0.212	     0.045	    -0.156	     0.024	    -6.314
         -0.114	           1.65	           1.71	        -28.771	        197.984	          0.076	          1.045	          1.119	        -26.054	        194.196	       Laplace         Laplace    -0.114	     0.647	     0.419	     0.705	     0.497	     0.076	     0.045	     0.002	     0.119	     0.014	    -3.787
         -0.297	          0.696	          0.721	        -15.859	        180.598	         -0.090	          0.538	          0.576	        -16.091	        180.782	        Normal          Normal    -0.297	    -0.304	     0.092	    -0.279	     0.078	    -0.090	    -0.462	     0.214	    -0.424	     0.180	     0.184
          0.543	           1.14	           1.18	        -23.187	        190.465	          0.430	          0.886	          0.949	        -23.582	        190.868	        Normal          Normal     0.543	     0.135	     0.018	     0.175	     0.031	     0.430	    -0.114	     0.013	    -0.051	     0.003	     0.402
         0.0151	           1.58	           1.63	        -28.113	        197.098	         -0.073	          1.133	          1.213	        -27.264	        195.826	       Laplace         Laplace     0.015	     0.577	     0.332	     0.632	     0.399	    -0.073	     0.133	     0.018	     0.213	     0.046	    -1.272
          0.254	          0.992	           1.03	        -21.166	        187.744	         -0.002	          0.645	          0.691	        -18.827	        184.466	       Laplace         Laplace     0.254	    -0.008	     0.000	     0.027	     0.001	    -0.002	    -0.355	     0.126	    -0.309	     0.095	    -3.278
          0.236	            1.2	           1.24	        -23.974	        191.525	          0.076	          0.899	          0.963	        -23.800	        191.162	       Laplace         Laplace     0.236	     0.196	     0.039	     0.238	     0.057	     0.076	    -0.101	     0.010	    -0.037	     0.001	    -0.363
          0.343	           1.15	           1.19	        -23.397	        190.748	          0.679	          0.849	          0.909	        -22.937	        190.000	       Laplace         Laplace     0.343	     0.151	     0.023	     0.192	     0.037	     0.679	    -0.151	     0.023	    -0.091	     0.008	    -0.749
         -0.292	           1.15	           1.19	        -23.326	        190.652	         -0.088	          0.883	          0.946	        -23.526	        190.793	        Normal          Normal    -0.292	     0.146	     0.021	     0.186	     0.035	    -0.088	    -0.117	     0.014	    -0.054	     0.003	     0.141
          0.488	          0.992	           1.03	        -21.162	        187.739	          0.446	          0.781	          0.836	        -21.683	        188.311	        Normal          Normal     0.488	    -0.008	     0.000	     0.027	     0.001	     0.446	    -0.219	     0.048	    -0.164	     0.027	     0.573
         -0.521	          0.814	          0.843	        -18.201	        183.752	         -0.439	          0.650	          0.696	        -18.931	        184.605	        Normal          Normal    -0.521	    -0.186	     0.035	    -0.157	     0.025	    -0.439	    -0.350	     0.123	    -0.304	     0.092	     0.853
            0.7	           1.67	           1.73	        -28.977	        198.262	          0.349	          1.137	          1.219	        -27.328	        195.913	       Laplace         Laplace     0.700	     0.670	     0.449	     0.729	     0.531	     0.349	     0.137	     0.019	     0.219	     0.048	    -2.349
         -0.298	           1.38	           1.42	        -26.075	        194.354	         -0.046	          0.978	          1.048	        -25.065	        192.864	       Laplace         Laplace    -0.298	     0.376	     0.142	     0.425	     0.180	    -0.046	    -0.022	     0.000	     0.048	     0.002	    -1.490
         -0.472	           1.09	           1.12	        -22.533	        189.585	         -0.485	          0.867	          0.929	        -23.253	        190.425	        Normal          Normal    -0.472	     0.087	     0.008	     0.125	     0.016	    -0.485	    -0.133	     0.018	    -0.071	     0.005	     0.840
         -0.243	           1.41	           1.46	        -26.399	        194.790	         -0.199	          0.990	          1.061	        -25.248	        193.112	       Laplace         Laplace    -0.243	     0.406	     0.165	     0.456	     0.208	    -0.199	    -0.010	     0.000	     0.061	     0.004	    -1.678
          0.119	           1.53	           1.59	        -27.688	        196.526	         -0.516	          1.057	          1.133	        -26.233	        194.438	       Laplace         Laplace     0.119	     0.533	     0.284	     0.586	     0.344	    -0.516	     0.057	     0.003	     0.133	     0.018	    -2.088
         0.0534	           1.25	           1.29	        -24.639	        192.420	         -0.008	          0.867	          0.929	        -23.259	        190.433	       Laplace         Laplace     0.053	     0.251	     0.063	     0.295	     0.087	    -0.008	    -0.133	     0.018	    -0.071	     0.005	    -1.988
         -0.251	          0.914	          0.946	        -19.929	        186.078	         -0.111	          0.652	          0.698	        -18.977	        184.667	       Laplace         Laplace    -0.251	    -0.086	     0.007	    -0.054	     0.003	    -0.111	    -0.348	     0.121	    -0.302	     0.091	    -1.411
          0.256	          0.975	           1.01	        -20.900	        187.385	          0.277	          0.728	          0.780	        -20.634	        186.899	       Laplace         Laplace     0.256	    -0.025	     0.001	     0.009	     0.000	     0.277	    -0.272	     0.074	    -0.220	     0.048	    -0.487
         -0.105	           1.03	           1.07	        -21.792	        188.586	         -0.215	          0.853	          0.914	        -23.012	        190.101	        Normal          Normal    -0.105	     0.034	     0.001	     0.071	     0.005	    -0.215	    -0.147	     0.022	    -0.086	     0.007	     1.515
          0.574	           0.94	          0.973	        -20.357	        186.655	          0.460	          0.627	          0.671	        -18.387	        183.873	       Laplace         Laplace     0.574	    -0.060	     0.004	    -0.027	     0.001	     0.460	    -0.373	     0.139	    -0.329	     0.108	    -2.782
        -0.0415	           1.31	           1.35	        -25.300	        193.310	         -0.149	          0.904	          0.969	        -23.891	        191.284	       Laplace         Laplace    -0.041	     0.307	     0.094	     0.353	     0.124	    -0.149	    -0.096	     0.009	    -0.031	     0.001	    -2.026
          0.163	           1.12	           1.16	        -23.016	        190.235	          0.456	          0.881	          0.944	        -23.491	        190.746	        Normal          Normal     0.163	     0.122	     0.015	     0.162	     0.026	     0.456	    -0.119	     0.014	    -0.056	     0.003	     0.510
         -0.216	           1.16	            1.2	        -23.473	        190.851	         -0.057	          0.768	          0.823	        -21.443	        187.988	       Laplace         Laplace    -0.216	     0.157	     0.025	     0.198	     0.039	    -0.057	    -0.232	     0.054	    -0.177	     0.031	    -2.863
         0.0797	           1.41	           1.46	        -26.470	        194.886	         -0.099	          1.041	          1.115	        -25.994	        194.116	       Laplace         Laplace     0.080	     0.413	     0.171	     0.463	     0.214	    -0.099	     0.041	     0.002	     0.115	     0.013	    -0.770
