          0.086	           1.34	           1.34	       -170.983	       1253.302	          0.056	          1.010	          1.020	       -170.334	       1252.267	       Laplace         Laplace     0.086	     0.338	     0.114	     0.344	     0.119	     0.056	     0.010	     0.000	     0.020	     0.000	    -1.035
         -0.114	           1.53	           1.54	       -184.724	       1272.928	         -0.142	          1.125	          1.136	       -181.087	       1267.626	       Laplace         Laplace    -0.114	     0.535	     0.286	     0.542	     0.294	    -0.142	     0.125	     0.016	     0.136	     0.019	    -5.303
        -0.0791	           1.23	           1.23	       -162.334	       1240.950	         -0.093	          0.915	          0.924	       -160.390	       1238.065	       Laplace         Laplace    -0.079	     0.227	     0.051	     0.233	     0.054	    -0.093	    -0.085	     0.007	    -0.076	     0.006	    -2.885
         -0.189	            1.3	           1.31	       -168.469	       1249.713	         -0.131	          0.969	          0.979	       -166.174	       1246.326	       Laplace         Laplace    -0.189	     0.304	     0.093	     0.311	     0.097	    -0.131	    -0.031	     0.001	    -0.021	     0.000	    -3.387
        0.00672	           1.49	           1.49	       -181.491	       1268.310	          0.076	          1.034	          1.044	       -172.625	       1255.540	       Laplace         Laplace     0.007	     0.486	     0.236	     0.493	     0.243	     0.076	     0.034	     0.001	     0.044	     0.002	   -12.770
         0.0973	           1.55	           1.56	       -185.914	       1274.628	         -0.100	          1.161	          1.173	       -184.245	       1272.137	       Laplace         Laplace     0.097	     0.553	     0.306	     0.561	     0.315	    -0.100	     0.161	     0.026	     0.173	     0.030	    -2.491
        -0.0143	           1.28	           1.29	       -166.546	       1246.966	          0.038	          0.869	          0.877	       -155.224	       1230.687	       Laplace         Laplace    -0.014	     0.280	     0.078	     0.286	     0.082	     0.038	    -0.131	     0.017	    -0.123	     0.015	   -16.279
        -0.0048	           1.37	           1.38	       -173.363	       1256.701	         -0.084	          1.030	          1.040	       -172.249	       1255.003	       Laplace         Laplace    -0.005	     0.370	     0.137	     0.377	     0.142	    -0.084	     0.030	     0.001	     0.040	     0.002	    -1.698
         0.0912	           1.25	           1.26	       -164.342	       1243.817	          0.005	          0.844	          0.853	       -152.391	       1226.641	       Laplace         Laplace     0.091	     0.252	     0.063	     0.258	     0.067	     0.005	    -0.156	     0.024	    -0.147	     0.022	   -17.176
         0.0714	            1.2	            1.2	       -159.949	       1237.543	         -0.016	          0.867	          0.876	       -155.029	       1230.408	       Laplace         Laplace     0.071	     0.198	     0.039	     0.204	     0.042	    -0.016	    -0.133	     0.018	    -0.124	     0.015	    -7.134
         0.0376	           1.28	           1.28	       -166.409	       1246.770	         -0.072	          0.940	          0.949	       -163.114	       1241.956	       Laplace         Laplace     0.038	     0.278	     0.077	     0.284	     0.081	    -0.072	    -0.060	     0.004	    -0.051	     0.003	    -4.814
         0.0231	           1.25	           1.26	       -164.558	       1244.126	         -0.038	          0.891	          0.900	       -157.764	       1234.314	       Laplace         Laplace     0.023	     0.254	     0.065	     0.261	     0.068	    -0.038	    -0.109	     0.012	    -0.100	     0.010	    -9.812
        -0.0926	           1.42	           1.42	       -176.717	       1261.493	         -0.132	          1.019	          1.029	       -171.183	       1253.481	       Laplace         Laplace    -0.093	     0.417	     0.174	     0.424	     0.180	    -0.132	     0.019	     0.000	     0.029	     0.001	    -8.012
          -0.15	           1.29	            1.3	       -167.362	       1248.131	         -0.104	          0.965	          0.975	       -165.797	       1245.787	       Laplace         Laplace    -0.150	     0.290	     0.084	     0.297	     0.088	    -0.104	    -0.035	     0.001	    -0.025	     0.001	    -2.344
          0.159	           1.81	           1.82	       -201.175	       1296.425	         -0.002	          1.288	          1.301	       -194.587	       1286.908	       Laplace         Laplace     0.159	     0.809	     0.655	     0.818	     0.669	    -0.002	     0.288	     0.083	     0.301	     0.090	    -9.517
        -0.0662	           1.61	           1.61	       -189.287	       1279.445	         -0.059	          1.071	          1.081	       -176.141	       1260.562	       Laplace         Laplace    -0.066	     0.606	     0.368	     0.614	     0.377	    -0.059	     0.071	     0.005	     0.081	     0.007	   -18.883
        -0.0634	            1.3	           1.31	       -168.457	       1249.695	          0.003	          0.942	          0.951	       -163.335	       1242.272	       Laplace         Laplace    -0.063	     0.304	     0.093	     0.311	     0.097	     0.003	    -0.058	     0.003	    -0.049	     0.002	    -7.423
         -0.121	           1.28	           1.28	       -166.214	       1246.491	          0.032	          0.910	          0.920	       -159.928	       1237.405	       Laplace         Laplace    -0.121	     0.275	     0.076	     0.282	     0.079	     0.032	    -0.090	     0.008	    -0.080	     0.006	    -9.086
         -0.113	           1.48	           1.49	       -181.205	       1267.902	          0.023	          1.057	          1.067	       -174.835	       1258.697	       Laplace         Laplace    -0.113	     0.482	     0.232	     0.489	     0.239	     0.023	     0.057	     0.003	     0.067	     0.005	    -9.205
          0.265	           1.66	           1.67	       -192.770	       1284.421	          0.040	          1.237	          1.249	       -190.584	       1281.190	       Laplace         Laplace     0.265	     0.663	     0.440	     0.672	     0.451	     0.040	     0.237	     0.056	     0.249	     0.062	    -3.231
        -0.0482	           1.06	           1.06	       -147.483	       1219.738	         -0.081	          0.800	          0.808	       -146.957	       1218.879	       Laplace         Laplace    -0.048	     0.057	     0.003	     0.063	     0.004	    -0.081	    -0.200	     0.040	    -0.192	     0.037	    -0.860
           -0.2	           1.36	           1.37	       -172.717	       1255.779	         -0.152	          0.984	          0.994	       -167.737	       1248.559	       Laplace         Laplace    -0.200	     0.361	     0.130	     0.368	     0.135	    -0.152	    -0.016	     0.000	    -0.006	     0.000	    -7.220
        0.00612	           1.28	           1.29	       -166.505	       1246.907	         -0.030	          0.954	          0.964	       -164.633	       1244.125	       Laplace         Laplace     0.006	     0.279	     0.078	     0.285	     0.082	    -0.030	    -0.046	     0.002	    -0.036	     0.001	    -2.782
        -0.0368	           1.13	           1.14	       -154.397	       1229.613	          0.086	          0.836	          0.844	       -151.355	       1225.161	       Laplace         Laplace    -0.037	     0.133	     0.018	     0.139	     0.019	     0.086	    -0.164	     0.027	    -0.156	     0.024	    -4.452
         -0.268	           1.45	           1.45	       -178.812	       1264.485	         -0.046	          1.032	          1.042	       -172.461	       1255.305	       Laplace         Laplace    -0.268	     0.447	     0.199	     0.454	     0.206	    -0.046	     0.032	     0.001	     0.042	     0.002	    -9.180
         -0.149	           1.37	           1.38	       -173.436	       1256.806	         -0.022	          1.114	          1.126	       -180.136	       1266.268	        Normal          Normal    -0.149	     0.371	     0.138	     0.378	     0.143	    -0.022	     0.114	     0.013	     0.126	     0.016	     9.462
          0.117	            1.2	            1.2	       -159.743	       1237.249	          0.114	          0.808	          0.816	       -148.021	       1220.399	       Laplace         Laplace     0.117	     0.195	     0.038	     0.201	     0.041	     0.114	    -0.192	     0.037	    -0.184	     0.034	   -16.850
          0.098	           1.43	           1.44	       -177.823	       1263.071	          0.039	          1.027	          1.038	       -172.017	       1254.671	       Laplace         Laplace     0.098	     0.432	     0.187	     0.440	     0.193	     0.039	     0.027	     0.001	     0.038	     0.001	    -8.400
         -0.205	            1.5	           1.51	       -182.305	       1269.474	         -0.050	          1.110	          1.121	       -179.708	       1265.657	       Laplace         Laplace    -0.205	     0.498	     0.248	     0.506	     0.256	    -0.050	     0.110	     0.012	     0.121	     0.015	    -3.817
         -0.179	           1.39	            1.4	       -175.030	       1259.082	          0.094	          1.022	          1.032	       -171.481	       1253.906	       Laplace         Laplace    -0.179	     0.393	     0.154	     0.400	     0.160	     0.094	     0.022	     0.000	     0.032	     0.001	    -5.176
         -0.196	           1.37	           1.37	       -173.202	       1256.471	         -0.030	          1.033	          1.044	       -172.589	       1255.488	       Laplace         Laplace    -0.196	     0.368	     0.135	     0.375	     0.140	    -0.030	     0.033	     0.001	     0.044	     0.002	    -0.984
         0.0745	           1.33	           1.34	       -170.694	       1252.890	          0.030	          0.995	          1.005	       -168.782	       1250.052	       Laplace         Laplace     0.075	     0.334	     0.111	     0.340	     0.116	     0.030	    -0.005	     0.000	     0.005	     0.000	    -2.838
         -0.253	           1.27	           1.28	       -165.934	       1246.092	         -0.139	          0.874	          0.883	       -155.880	       1231.624	       Laplace         Laplace    -0.253	     0.272	     0.074	     0.278	     0.077	    -0.139	    -0.126	     0.016	    -0.117	     0.014	   -14.468
         -0.133	           1.33	           1.34	       -170.571	       1252.714	         -0.052	          0.982	          0.992	       -167.523	       1248.253	       Laplace         Laplace    -0.133	     0.332	     0.110	     0.339	     0.115	    -0.052	    -0.018	     0.000	    -0.008	     0.000	    -4.461
         -0.265	           1.45	           1.46	       -179.117	       1264.920	         -0.059	          1.020	          1.030	       -171.296	       1253.642	       Laplace         Laplace    -0.265	     0.451	     0.203	     0.458	     0.210	    -0.059	     0.020	     0.000	     0.030	     0.001	   -11.278
         0.0394	           1.26	           1.27	       -165.371	       1245.287	          0.065	          0.906	          0.915	       -159.412	       1236.669	       Laplace         Laplace     0.039	     0.265	     0.070	     0.271	     0.073	     0.065	    -0.094	     0.009	    -0.085	     0.007	    -8.619
         0.0711	           1.51	           1.51	       -182.912	       1270.341	          0.050	          1.077	          1.088	       -176.735	       1261.411	       Laplace         Laplace     0.071	     0.507	     0.257	     0.515	     0.265	     0.050	     0.077	     0.006	     0.088	     0.008	    -8.930
          0.175	           1.52	           1.53	       -183.916	       1271.775	          0.089	          1.090	          1.101	       -177.917	       1263.098	       Laplace         Laplace     0.175	     0.522	     0.273	     0.530	     0.281	     0.089	     0.090	     0.008	     0.101	     0.010	    -8.677
        -0.0361	           1.37	           1.38	       -173.552	       1256.972	          0.096	          0.967	          0.977	       -165.945	       1245.998	       Laplace         Laplace    -0.036	     0.372	     0.139	     0.379	     0.144	     0.096	    -0.033	     0.001	    -0.023	     0.001	   -10.974
         -0.235	           1.63	           1.64	       -190.915	       1281.770	          0.001	          1.053	          1.064	       -174.470	       1258.174	       Laplace         Laplace    -0.235	     0.633	     0.400	     0.641	     0.411	     0.001	     0.053	     0.003	     0.064	     0.004	   -23.596
         0.0409	           1.39	            1.4	       -175.070	       1259.140	          0.026	          0.973	          0.983	       -166.554	       1246.869	       Laplace         Laplace     0.041	     0.393	     0.155	     0.400	     0.160	     0.026	    -0.027	     0.001	    -0.017	     0.000	   -12.271
          -0.12	           1.21	           1.21	       -160.586	       1238.452	         -0.145	          0.872	          0.881	       -155.635	       1231.274	       Laplace         Laplace    -0.120	     0.206	     0.042	     0.212	     0.045	    -0.145	    -0.128	     0.016	    -0.119	     0.014	    -7.178
          0.177	           1.39	           1.39	       -174.554	       1258.403	          0.027	          0.930	          0.939	       -162.051	       1240.438	       Laplace         Laplace     0.177	     0.386	     0.149	     0.393	     0.155	     0.027	    -0.070	     0.005	    -0.061	     0.004	   -17.965
         0.0124	           1.47	           1.48	       -180.592	       1267.028	         -0.057	          1.085	          1.096	       -177.509	       1262.515	       Laplace         Laplace     0.012	     0.473	     0.223	     0.480	     0.230	    -0.057	     0.085	     0.007	     0.096	     0.009	    -4.513
          0.103	           1.37	           1.38	       -173.307	       1256.622	          0.033	          0.980	          0.990	       -167.261	       1247.878	       Laplace         Laplace     0.103	     0.369	     0.136	     0.376	     0.141	     0.033	    -0.020	     0.000	    -0.010	     0.000	    -8.743
         -0.305	           1.36	           1.37	       -172.978	       1256.152	         -0.248	          1.018	          1.028	       -171.059	       1253.304	       Laplace         Laplace    -0.305	     0.365	     0.133	     0.371	     0.138	    -0.248	     0.018	     0.000	     0.028	     0.001	    -2.848
         -0.123	           1.24	           1.25	       -163.390	       1242.458	         -0.169	          0.915	          0.924	       -160.448	       1238.148	       Laplace         Laplace    -0.123	     0.240	     0.058	     0.246	     0.061	    -0.169	    -0.085	     0.007	    -0.076	     0.006	    -4.310
       -0.00023	           1.27	           1.28	       -166.036	       1246.237	         -0.061	          0.950	          0.960	       -164.235	       1243.557	       Laplace         Laplace    -0.000	     0.273	     0.075	     0.279	     0.078	    -0.061	    -0.050	     0.002	    -0.040	     0.002	    -2.681
         0.0595	           1.33	           1.34	       -170.304	       1252.333	         -0.029	          0.985	          0.994	       -167.755	       1248.584	       Laplace         Laplace     0.059	     0.329	     0.108	     0.335	     0.112	    -0.029	    -0.015	     0.000	    -0.006	     0.000	    -3.749
        0.00342	           1.34	           1.35	       -171.503	       1254.045	         -0.011	          0.892	          0.901	       -157.915	       1234.530	       Laplace         Laplace     0.003	     0.345	     0.119	     0.351	     0.123	    -0.011	    -0.108	     0.012	    -0.099	     0.010	   -19.515
          0.214	           1.23	           1.23	       -162.439	       1241.099	          0.093	          0.912	          0.921	       -160.085	       1237.629	       Laplace         Laplace     0.214	     0.228	     0.052	     0.234	     0.055	     0.093	    -0.088	     0.008	    -0.079	     0.006	    -3.470
         -0.449	           1.55	           1.55	       -185.498	       1274.034	         -0.233	          1.097	          1.108	       -178.533	       1263.977	       Laplace         Laplace    -0.449	     0.547	     0.299	     0.554	     0.307	    -0.233	     0.097	     0.009	     0.108	     0.012	   -10.057
         0.0535	           1.44	           1.45	       -178.316	       1263.776	         -0.069	          1.025	          1.036	       -171.832	       1254.407	       Laplace         Laplace     0.054	     0.439	     0.193	     0.447	     0.199	    -0.069	     0.025	     0.001	     0.036	     0.001	    -9.369
         -0.346	           1.37	           1.38	       -173.324	       1256.646	         -0.516	          1.054	          1.065	       -174.564	       1258.309	        Normal          Normal    -0.346	     0.369	     0.136	     0.376	     0.142	    -0.516	     0.054	     0.003	     0.065	     0.004	     1.663
        0.00809	           1.28	           1.28	       -166.230	       1246.514	          0.013	          0.921	          0.930	       -161.041	       1238.994	       Laplace         Laplace     0.008	     0.276	     0.076	     0.282	     0.080	     0.013	    -0.079	     0.006	    -0.070	     0.005	    -7.520
          0.269	           1.33	           1.34	       -170.696	       1252.893	          0.148	          0.969	          0.979	       -166.174	       1246.326	       Laplace         Laplace     0.269	     0.334	     0.111	     0.341	     0.116	     0.148	    -0.031	     0.001	    -0.021	     0.000	    -6.567
         -0.259	           1.27	           1.28	       -166.136	       1246.380	         -0.183	          0.891	          0.900	       -157.760	       1234.309	       Laplace         Laplace    -0.259	     0.274	     0.075	     0.281	     0.079	    -0.183	    -0.109	     0.012	    -0.100	     0.010	   -12.071
          0.168	           1.41	           1.41	       -176.028	       1260.509	          0.045	          1.027	          1.038	       -172.026	       1254.684	       Laplace         Laplace     0.168	     0.407	     0.166	     0.414	     0.171	     0.045	     0.027	     0.001	     0.038	     0.001	    -5.825
         -0.174	           1.39	           1.39	       -174.512	       1258.343	         -0.094	          1.034	          1.044	       -172.623	       1255.538	       Laplace         Laplace    -0.174	     0.386	     0.149	     0.393	     0.154	    -0.094	     0.034	     0.001	     0.044	     0.002	    -2.806
          -0.17	           1.46	           1.46	       -179.437	       1265.377	         -0.069	          0.973	          0.983	       -166.561	       1246.879	       Laplace         Laplace    -0.170	     0.456	     0.208	     0.463	     0.214	    -0.069	    -0.027	     0.001	    -0.017	     0.000	   -18.498
          0.039	           1.23	           1.24	       -162.836	       1241.666	          0.209	          0.925	          0.934	       -161.485	       1239.629	       Laplace         Laplace     0.039	     0.233	     0.054	     0.239	     0.057	     0.209	    -0.075	     0.006	    -0.066	     0.004	    -2.037
          0.138	           1.52	           1.53	       -184.008	       1271.905	         -0.075	          1.200	          1.212	       -187.524	       1276.819	        Normal          Normal     0.138	     0.524	     0.274	     0.531	     0.282	    -0.075	     0.200	     0.040	     0.212	     0.045	     4.914
         0.0861	           1.64	           1.65	       -191.198	       1282.176	          0.077	          1.010	          1.020	       -170.299	       1252.218	       Laplace         Laplace     0.086	     0.637	     0.406	     0.646	     0.417	     0.077	     0.010	     0.000	     0.020	     0.000	   -29.958
        -0.0472	            1.3	            1.3	       -167.911	       1248.915	         -0.045	          0.935	          0.945	       -162.623	       1241.254	       Laplace         Laplace    -0.047	     0.297	     0.088	     0.304	     0.092	    -0.045	    -0.065	     0.004	    -0.055	     0.003	    -7.661
         0.0153	           1.28	           1.28	       -166.279	       1246.584	          0.087	          0.940	          0.949	       -163.091	       1241.923	       Laplace         Laplace     0.015	     0.276	     0.076	     0.283	     0.080	     0.087	    -0.060	     0.004	    -0.051	     0.003	    -4.661
         0.0186	           1.29	            1.3	       -167.541	       1248.387	          0.018	          0.865	          0.874	       -154.821	       1230.112	       Laplace         Laplace     0.019	     0.292	     0.085	     0.299	     0.089	     0.018	    -0.135	     0.018	    -0.126	     0.016	   -18.276
         -0.268	            1.7	           1.71	       -195.151	       1287.822	          0.008	          1.220	          1.232	       -189.191	       1279.200	       Laplace         Laplace    -0.268	     0.703	     0.495	     0.712	     0.507	     0.008	     0.220	     0.048	     0.232	     0.054	    -8.621
         -0.128	           1.52	           1.52	       -183.556	       1271.261	         -0.074	          1.134	          1.146	       -181.903	       1268.791	       Laplace         Laplace    -0.128	     0.517	     0.267	     0.524	     0.275	    -0.074	     0.134	     0.018	     0.146	     0.021	    -2.469
         0.0833	           1.59	            1.6	       -188.325	       1278.072	          0.120	          1.141	          1.153	       -182.537	       1269.697	       Laplace         Laplace     0.083	     0.591	     0.349	     0.599	     0.359	     0.120	     0.141	     0.020	     0.153	     0.023	    -8.376
         -0.201	           1.33	           1.34	       -170.549	       1252.684	         -0.084	          0.950	          0.960	       -164.215	       1243.528	       Laplace         Laplace    -0.201	     0.332	     0.110	     0.339	     0.115	    -0.084	    -0.050	     0.002	    -0.040	     0.002	    -9.156
          -0.24	           1.54	           1.55	       -185.388	       1273.878	         -0.091	          1.108	          1.119	       -179.526	       1265.397	       Laplace         Laplace    -0.240	     0.545	     0.297	     0.553	     0.305	    -0.091	     0.108	     0.012	     0.119	     0.014	    -8.481
          0.142	           1.47	           1.48	       -180.685	       1267.159	         -0.003	          0.975	          0.985	       -166.832	       1247.266	       Laplace         Laplace     0.142	     0.474	     0.225	     0.481	     0.232	    -0.003	    -0.025	     0.001	    -0.015	     0.000	   -19.893
        -0.0911	           1.66	           1.67	       -192.519	       1284.061	         -0.086	          1.068	          1.079	       -175.905	       1260.224	       Laplace         Laplace    -0.091	     0.659	     0.434	     0.667	     0.445	    -0.086	     0.068	     0.005	     0.079	     0.006	   -23.837
          -0.11	           1.34	           1.35	       -171.332	       1253.801	         -0.060	          0.958	          0.968	       -165.062	       1244.737	       Laplace         Laplace    -0.110	     0.342	     0.117	     0.349	     0.122	    -0.060	    -0.042	     0.002	    -0.032	     0.001	    -9.064
          0.194	           1.35	           1.36	       -171.860	       1254.555	         -0.054	          1.022	          1.033	       -171.537	       1253.986	       Laplace         Laplace     0.194	     0.349	     0.122	     0.356	     0.127	    -0.054	     0.022	     0.001	     0.033	     0.001	    -0.569
        -0.0692	           1.27	           1.27	       -165.402	       1245.332	         -0.057	          0.897	          0.906	       -158.474	       1235.328	       Laplace         Laplace    -0.069	     0.265	     0.070	     0.271	     0.074	    -0.057	    -0.103	     0.011	    -0.094	     0.009	   -10.004
        -0.0642	           1.28	           1.28	       -166.439	       1246.813	         -0.033	          0.879	          0.888	       -156.393	       1232.356	       Laplace         Laplace    -0.064	     0.278	     0.077	     0.285	     0.081	    -0.033	    -0.121	     0.015	    -0.112	     0.013	   -14.457
          -0.15	           1.44	           1.45	       -178.682	       1264.299	         -0.195	          0.943	          0.953	       -163.495	       1242.499	       Laplace         Laplace    -0.150	     0.445	     0.198	     0.452	     0.204	    -0.195	    -0.057	     0.003	    -0.047	     0.002	   -21.800
         0.0313	           1.17	           1.18	       -157.639	       1234.244	         -0.020	          0.866	          0.875	       -154.945	       1230.288	       Laplace         Laplace     0.031	     0.171	     0.029	     0.176	     0.031	    -0.020	    -0.134	     0.018	    -0.125	     0.016	    -3.956
         0.0751	           1.41	           1.42	       -176.147	       1260.678	         -0.014	          0.949	          0.958	       -164.027	       1243.260	       Laplace         Laplace     0.075	     0.409	     0.167	     0.416	     0.173	    -0.014	    -0.051	     0.003	    -0.042	     0.002	   -17.418
        -0.0688	           1.73	           1.74	       -196.874	       1290.282	         -0.050	          1.096	          1.107	       -178.503	       1263.936	       Laplace         Laplace    -0.069	     0.733	     0.537	     0.742	     0.550	    -0.050	     0.096	     0.009	     0.107	     0.012	   -26.346
        -0.0484	           1.73	           1.74	       -196.782	       1290.150	          0.043	          1.191	          1.203	       -186.782	       1275.760	       Laplace         Laplace    -0.048	     0.731	     0.535	     0.740	     0.548	     0.043	     0.191	     0.036	     0.203	     0.041	   -14.390
         0.0881	            1.5	           1.51	       -182.313	       1269.485	          0.165	          1.052	          1.063	       -174.403	       1258.079	       Laplace         Laplace     0.088	     0.498	     0.248	     0.506	     0.256	     0.165	     0.052	     0.003	     0.063	     0.004	   -11.405
        -0.0964	           1.36	           1.37	       -172.728	       1255.794	         -0.104	          0.955	          0.965	       -164.724	       1244.255	       Laplace         Laplace    -0.096	     0.361	     0.130	     0.368	     0.135	    -0.104	    -0.045	     0.002	    -0.035	     0.001	   -11.539
          0.344	           1.43	           1.44	       -177.822	       1263.071	          0.170	          1.008	          1.018	       -170.134	       1251.983	       Laplace         Laplace     0.344	     0.432	     0.187	     0.440	     0.193	     0.170	     0.008	     0.000	     0.018	     0.000	   -11.088
         -0.071	           1.44	           1.45	       -178.653	       1264.258	         -0.034	          1.107	          1.118	       -179.447	       1265.283	        Normal          Normal    -0.071	     0.444	     0.197	     0.452	     0.204	    -0.034	     0.107	     0.011	     0.118	     0.014	     1.025
        -0.0553	           1.49	           1.49	       -181.493	       1268.314	         -0.086	          1.035	          1.045	       -172.729	       1255.688	       Laplace         Laplace    -0.055	     0.486	     0.236	     0.493	     0.243	    -0.086	     0.035	     0.001	     0.045	     0.002	   -12.626
          0.206	            1.5	           1.51	       -182.498	       1269.750	          0.163	          0.988	          0.998	       -168.109	       1249.091	       Laplace         Laplace     0.206	     0.501	     0.251	     0.508	     0.259	     0.163	    -0.012	     0.000	    -0.002	     0.000	   -20.659
         -0.223	           1.57	           1.58	       -187.239	       1276.521	          0.058	          1.175	          1.187	       -185.431	       1273.831	       Laplace         Laplace    -0.223	     0.574	     0.329	     0.582	     0.338	     0.058	     0.175	     0.031	     0.187	     0.035	    -2.690
        0.00867	           1.38	           1.39	       -174.299	       1258.039	          0.150	          1.016	          1.027	       -170.933	       1253.123	       Laplace         Laplace     0.009	     0.383	     0.146	     0.390	     0.152	     0.150	     0.016	     0.000	     0.027	     0.001	    -4.917
         0.0516	           1.18	           1.18	       -158.215	       1235.067	          0.030	          0.840	          0.848	       -151.823	       1225.830	       Laplace         Laplace     0.052	     0.177	     0.031	     0.183	     0.034	     0.030	    -0.160	     0.026	    -0.152	     0.023	    -9.237
        -0.0808	           1.62	           1.63	       -190.302	       1280.895	         -0.010	          1.029	          1.039	       -172.181	       1254.906	       Laplace         Laplace    -0.081	     0.623	     0.388	     0.631	     0.398	    -0.010	     0.029	     0.001	     0.039	     0.002	   -25.989
        -0.0732	           1.61	           1.62	       -189.508	       1279.761	         -0.062	          1.105	          1.116	       -179.297	       1265.070	       Laplace         Laplace    -0.073	     0.610	     0.372	     0.618	     0.382	    -0.062	     0.105	     0.011	     0.116	     0.013	   -14.691
         0.0409	           1.46	           1.46	       -179.505	       1265.474	          0.031	          1.036	          1.046	       -172.831	       1255.834	       Laplace         Laplace     0.041	     0.457	     0.208	     0.464	     0.215	     0.031	     0.036	     0.001	     0.046	     0.002	    -9.640
          0.111	           1.58	           1.59	       -187.826	       1277.360	         -0.043	          1.032	          1.043	       -172.488	       1255.344	       Laplace         Laplace     0.111	     0.583	     0.340	     0.591	     0.349	    -0.043	     0.032	     0.001	     0.043	     0.002	   -22.016
         0.0398	           1.44	           1.44	       -178.083	       1263.443	          0.129	          1.048	          1.058	       -173.994	       1257.495	       Laplace         Laplace     0.040	     0.436	     0.190	     0.443	     0.196	     0.129	     0.048	     0.002	     0.058	     0.003	    -5.949
         -0.104	           1.54	           1.55	       -185.301	       1273.753	         -0.061	          1.094	          1.105	       -178.265	       1263.595	       Laplace         Laplace    -0.104	     0.544	     0.295	     0.551	     0.304	    -0.061	     0.094	     0.009	     0.105	     0.011	   -10.158
        -0.0119	           1.32	           1.32	       -169.486	       1251.165	          0.021	          0.914	          0.923	       -160.326	       1237.973	       Laplace         Laplace    -0.012	     0.318	     0.101	     0.324	     0.105	     0.021	    -0.086	     0.007	    -0.077	     0.006	   -13.192
         -0.196	           1.41	           1.42	       -176.568	       1261.279	         -0.065	          1.058	          1.069	       -174.984	       1258.909	       Laplace         Laplace    -0.196	     0.414	     0.172	     0.422	     0.178	    -0.065	     0.058	     0.003	     0.069	     0.005	    -2.370
         -0.238	           1.49	            1.5	       -181.686	       1268.589	         -0.253	          1.086	          1.097	       -177.565	       1262.595	       Laplace         Laplace    -0.238	     0.489	     0.239	     0.496	     0.246	    -0.253	     0.086	     0.007	     0.097	     0.009	    -5.994
