-6.38436 -3.26202 6.01597
-2.63844 -3.59125 5.22396
-0.928384 -7.01035 5.64352
2.5212 -8.07742 6.84107
5.87051 -7.08331 5.23913
4.25495 -4.41856 3.0712
6.24592 -1.46704 1.6778
4.23611 1.69306 0.925272
6.31179 3.99195 -1.2782
6.48108 7.7225 -0.472766
3.55634 9.93379 -1.64047
1.26977 6.95615 -2.14277
-2.48616 7.44404 -1.46817
-4.4608 4.51355 0.00790571
-8.24075 4.95803 -0.461841
-11.0955 3.90312 1.85528
-12.0605 0.234666 1.82502
-8.79531 -1.02034 0.314537
-7.107 -4.20567 1.50329
-3.40142 -4.69082 0.745382
-2.14943 -8.3311 0.821527
0.982366 -9.55955 2.61388
4.36558 -8.7629 0.993389
2.85938 -6.2357 -1.41308
4.71786 -3.16959 -2.64397
3.00122 0.150552 -3.43315
5.19533 2.21601 -5.83863
6.01839 5.79185 -4.82377
3.16212 8.1692 -5.85032
0.713014 5.26912 -6.44852
-2.99995 6.07706 -5.96766
