-4.38897 -10.66 -15.9002
-0.68935 -9.34101 -15.8624
1.29684 -10.5927 -18.7042
4.82741 -11.89 -18.8772
5.76494 -8.28389 -19.6199
3.72048 -6.64057 -16.9684
5.28801 -8.94351 -14.521
8.71591 -8.03178 -16.0104
8.15622 -4.17755 -15.6882
6.6864 -4.49991 -12.3137
9.66552 -6.78788 -11.3614
11.7059 -3.93621 -12.4611
10.4075 -0.662254 -11.4994
10.3896 -2.21789 -8.07283
13.9642 -3.32728 -8.55972
14.8397 0.27382 -9.14968
12.8601 1.6614 -6.11955
14.7728 -0.563988 -3.70302
15.3154 0.585792 -0.152932
13.2135 3.62197 -0.503772
10.1039 1.59307 -1.01315
8.83037 2.4348 2.54286
9.76507 6.09707 2.14436
7.63352 6.19133 -0.924462
4.9631 4.35548 0.627769
4.76215 6.8375 3.32132
4.65997 9.62309 0.810022
1.834 8.02783 -1.20643
-0.183837 7.82222 1.95789
0.43021 11.4651 2.77911
-0.663596 12.5103 -0.723626
-3.91662 10.6107 -0.327628
-4.77466 11.9443 3.03261
-4.12342 15.3278 1.50488
-5.83796 14.89 -1.88576
-8.73102 12.7522 -0.829476
-9.54294 13.8881 2.67959
-12.3153 11.2954 3.06555
-9.74162 8.58102 3.46071
-8.60823 10.2908 6.71341
-11.5888 8.52498 8.40683
-9.81836 5.27946 8.74478
-6.97026 6.71966 10.5246
-8.36714 8.68057 13.4084
-5.56123 7.32118 15.7073
-2.95323 8.6279 13.5026
-1.2522 11.8543 13.4863
-1.76185 12.5029 9.74512
0.580552 15.3855 9.78209
3.65936 15.716 7.66119
6.45629 14.2316 9.66565
4.21903 11.6995 11.4031
5.97904 8.65584 12.5248
2.73212 6.657 12.4433
2.28399 7.34897 8.74181
5.98662 6.86782 8.32356
5.78063 3.51198 9.76696
2.60989 2.78483 7.86289
4.21623 3.53264 4.51081
6.68266 0.818475 5.56287
3.82993 -1.65544 5.96745
1.98907 -0.769389 2.78904
5.33794 -0.921869 0.914202
6.18931 -4.30076 2.31448
2.78525 -5.67618 1.37922
3.34339 -4.39242 -2.06708
6.74365 -6.19903 -2.27396
5.2347 -9.35507 -0.966058
2.71486 -8.92635 -3.83896
5.58503 -8.43844 -6.53817
7.32173 -11.517 -5.16718
4.36887 -13.9555 -5.29314
2.59017 -11.923 -8.02328
1.49639 -15.2625 -9.60321
-0.133283 -15.963 -6.18646
-1.14179 -12.7467 -4.49727
-4.53257 -14.2717 -3.45396
-2.90118 -16.7353 -0.884891
-0.222737 -14.2538 -0.00878529
-2.42836 -11.1771 0.744621
-4.78445 -13.6423 2.29958
-4.82946 -12 5.69815
-4.74854 -8.33141 4.5588
-7.8786 -9.20214 2.50149
-9.56236 -10.2163 5.69458
-8.24387 -7.23669 7.64231
-9.23188 -4.64117 5.10913
-12.6134 -6.01223 3.92212
-13.8569 -7.84848 7.02563
-12.4929 -6.10065 9.91284
-11.8967 -2.62043 8.5146
-14.6196 -2.43673 5.86251
-12.571 -0.207598 3.56924
-14.5073 1.40064 0.813202
-13.1775 -0.142484 -2.31122
-13.0835 3.30509 -3.88577
-10.2733 3.94082 -1.42594
-8.13825 1.42047 -3.18802
-8.37584 3.45897 -6.37374
-7.25346 6.70738 -4.70167
