    5.0780    1.4150    1.2050    0.7360    1.4320    0.6560    1.2630    0.7790    1.1840    1.0240
    1.7440    0.7970    2.2670    0.6980    0.5850    0.7870    0.8510    1.1400    1.0860    1.0020
    3.3610    0.4250    2.2170    1.1570    0.6870    1.0300    0.9090    1.1650    1.1170    0.9880
    0.0530    1.5530    0.2210    0.4010    1.1900    0.9860    0.8360    1.1500    1.0120    0.9880
    0.5880    2.3840    1.4820    0.1840    1.5170    1.2800    1.0370    1.1540    1.1880    0.9840
    2.3800    0.2250    0.8970    1.9340    1.1760    0.9110    1.3450    1.0110    0.9140    0.9750
    0.5290    1.2630    0.5930    0.8000    1.4950    0.7220    1.0900    1.1040    0.9850    0.9160
    0.5300    0.8350    0.5010    1.0080    1.0050    1.1070    0.5940    1.0980    0.8680    1.0010
    0.7570    1.0210    1.7460    1.0550    0.6840    0.7020    0.7890    1.1180    1.0460    0.9510
    0.7890    1.8960    0.4520    1.7480    1.0340    1.4200    0.9070    1.2220    1.0680    0.9990
    1.4430    2.0790    0.7020    1.4470    1.6700    1.3920    0.9940    0.9090    0.9700    1.0230
    0.8450    0.2470    1.6720    0.1680    0.6980    1.1210    0.8690    0.8230    1.1050    1.0160
    2.6970    0.9740    1.7650    1.0740    1.0880    1.1420    1.2660    1.0970    0.8870    0.9830
    0.6070    1.3540    2.2350    1.6070    0.7480    0.5250    1.2480    0.8020    1.1300    0.9460
    2.0490    0.4090    1.7980    1.4490    0.7780    0.7380    0.9660    0.8860    1.0690    1.0230
    2.4810    1.0960    1.1080    1.4370    1.7850    0.7240    0.9840    0.8350    0.8850    0.9800
    2.7500    0.4940    1.0520    1.1740    0.9340    1.1180    0.8460    0.9230    0.9000    1.0500
    3.2460    0.3040    0.6070    0.6090    0.8150    1.0640    0.9280    0.8370    1.0750    1.0110
    1.1410    1.3830    1.1140    0.4740    0.9530    0.8120    1.1840    1.1290    1.1410    0.9890
    0.8210    1.3330    1.1820    0.4480    0.9460    1.0060    1.1390    1.0370    1.0070    1.0130
    1.5670    0.9130    1.1700    0.7850    0.7370    0.7050    1.4120    1.0310    1.0380    1.0260
    2.8060    0.8950    1.0950    1.4470    0.4350    1.0890    1.2110    1.1310    1.0270    0.9740
    2.7570    1.0700    0.8370    1.3940    1.5400    1.2030    1.1880    0.8880    0.9040    0.9910
    0.2490    1.1680    0.7180    0.6380    1.0740    1.4250    1.6400    1.0010    0.9200    1.0040
    1.5900    1.9700    1.4630    1.0700    0.7070    0.8240    0.9940    1.2530    1.2360    1.0210
    0.8120    2.4100    0.2970    1.8010    0.8020    0.9830    1.1190    0.7920    0.9890    1.0370
    0.2370    1.8610    0.4140    1.3320    1.0410    1.1030    0.9580    0.9760    0.9990    0.9460
    1.8410    0.3240    0.6100    1.3610    0.9650    1.3270    1.0240    1.0740    0.9570    0.9760
    2.9200    0.6480    0.9280    1.9040    1.4880    0.8960    0.7410    0.8490    0.8970    1.0130
    0.7810    1.0630    2.5850    0.4910    0.7490    0.9860    0.7680    1.0010    0.9140    1.0460
    1.2600    1.0160    0.2360    2.0320    1.0270    0.8800    0.6570    1.0560    0.9460    1.0080
    3.0070    0.6990    3.4070    0.7670    0.6830    0.7110    0.8730    1.0220    0.9380    0.9340
    1.0710    2.5940    1.9260    1.0320    0.8690    0.8660    0.8460    0.9200    0.9550    1.0320
    4.5070    0.8830    0.6070    0.8440    1.2110    0.9540    0.8660    0.9550    1.0410    1.0310
    0.5490    2.1870    1.1940    0.9080    0.8650    1.1370    1.0170    1.0690    1.1390    1.0250
    0.4460    0.6450    0.5260    0.9540    0.8690    0.8930    0.8560    1.0520    0.9120    0.9830
    3.2570    0.5920    0.8820    0.8660    1.1800    1.1600    1.0470    1.0670    1.0320    1.0440
    0.1080    1.6430    0.4620    1.4320    1.2240    1.2400    0.9190    0.9980    0.8640    0.9740
    0.0020    2.2510    1.0750    1.0160    1.7730    1.6780    0.9880    1.1400    0.8610    0.9920
    0.4030    0.9710    1.2890    0.7290    1.3090    0.8450    1.3930    0.8800    1.1870    0.9700
    0.7480    1.9630    1.2120    1.5570    1.3470    1.2420    1.0460    1.0030    0.9720    1.0060
    0.3380    3.4310    1.4230    0.4790    1.5260    0.8170    0.9090    0.8950    0.8310    0.9790
    0.0200    0.2490    1.3890    0.4770    1.4610    0.5160    0.7540    1.0480    1.0720    1.0410
    0.3770    0.6240    0.4390    0.8840    0.7420    0.8420    1.0880    1.0890    0.8570    0.9750
    1.5660    1.3280    0.7720    0.6960    0.8730    1.3290    0.9690    0.8360    1.0970    1.0520
    1.6280    1.0430    2.0040    1.0750    0.3550    1.8070    1.0370    0.9840    0.9560    0.9670
    0.3890    1.2520    0.7540    1.6330    1.7650    0.9980    1.1960    1.0770    0.9540    1.0410
    3.2110    0.4600    1.3060    1.2480    1.2560    1.5200    1.2520    1.0980    0.9980    0.9970
    0.9420    0.7570    1.7830    0.3660    0.5720    1.2820    1.1930    1.1290    1.0240    0.9940
    0.2620    0.8370    1.2460    1.2630    0.4770    0.8150    0.8510    1.2160    1.0060    1.0100
    0.3900    1.2300    0.5260    1.4860    0.7950    0.5460    0.6520    0.9710    0.9200    0.9740
    1.0400    0.3870    1.5850    1.1050    0.9410    0.8400    1.0660    1.0460    1.0600    1.0260
    1.3070    1.0210    0.9980    1.2550    1.1670    1.0150    0.8160    0.8240    1.0070    1.0120
    0.2470    1.4400    0.5810    1.2810    0.9980    1.3350    1.0690    1.0490    1.2020    0.9770
    2.2370    0.5400    1.4290    1.6940    1.1550    0.9800    0.7940    0.8350    1.0610    0.9770
    2.0280    0.0720    1.3320    1.4400    1.3370    1.0970    1.3370    0.9290    1.0860    0.9860
    2.6890    1.3920    2.6220    0.7930    0.6840    0.7620    1.1340    1.3670    1.0250    0.9850
    0.8190    1.2300    0.7010    0.1810    1.2540    0.6320    1.3150    1.0970    0.9890    0.9520
    1.9400    0.4390    2.0900    0.8640    0.6180    0.8440    1.3030    1.0350    1.0440    1.0650
    0.4190    0.1450    0.4690    0.6800    0.5490    0.9800    0.8250    0.9860    0.9270    0.9530
    0.9300    2.6600    0.0830    0.6670    0.9410    1.3300    0.9370    1.1010    0.8340    1.0050
    0.7880    1.0870    0.9830    0.8910    1.1780    0.9270    1.1660    0.9950    0.9490    1.0010
    1.7880    1.0560    1.0030    1.0390    1.5600    0.6310    1.3550    0.9310    0.8230    0.9980
    5.1640    1.2650    0.3030    0.7150    1.3780    0.8690    1.0340    1.0370    0.9260    0.9840
    2.3240    1.0880    0.9520    1.7710    0.9970    0.7620    1.0660    1.2010    1.1020    0.9880
    0.6850    0.8270    0.3940    0.5680    0.6660    0.9430    0.9390    0.9410    1.0290    0.9410
    0.3040    2.0400    1.9600    1.1330    1.5190    1.2190    0.9360    0.8590    1.0150    1.0060
    2.9130    2.3180    0.9450    0.5840    0.9330    1.1420    0.8830    0.8050    1.0030    1.0150
    0.5300    0.7900    1.0250    1.9020    1.4330    1.0340    1.1670    1.1750    1.0140    1.0650
    2.4350    1.5280    0.9770    0.9030    0.5530    1.2630    1.0680    1.0860    0.9170    0.9940
    1.8640    3.0880    0.1990    0.9190    1.1560    0.9310    0.8260    1.0250    0.9520    0.9790
    0.6460    0.8160    0.4040    1.3060    1.4800    0.9150    1.0940    0.9410    1.0050    0.9970
    0.8200    0.3580    0.6990    1.3620    0.8990    1.8470    1.3530    0.8980    0.9800    0.9840
    2.8540    0.1680    2.1180    0.7820    0.6810    1.4020    0.8920    1.1380    0.9560    1.0330
    0.1760    0.2690    0.7600    1.3670    1.0180    0.9930    1.0270    0.9560    1.1270    0.9900
    0.3770    1.8880    1.3260    0.7840    0.8710    0.8440    1.2300    1.1110    1.1280    0.9830
    0.2580    1.8850    0.5590    0.7200    0.6020    1.1190    0.8740    0.9670    0.8880    0.9920
    0.3010    0.1870    0.5300    0.2570    1.1450    0.5760    1.2990    0.9230    1.0680    1.0180
    2.0690    0.1440    0.9380    1.3030    1.2980    0.9490    1.0830    0.7930    1.0770    0.9780
    0.2880    0.5700    2.6610    0.9360    1.1670    1.2130    0.8620    0.9640    0.9860    0.9870
    0.7040    0.7910    2.0160    1.4230    0.6610    0.6910    1.1250    1.0640    1.1220    1.0490
    0.1550    1.5830    0.2270    0.7150    1.4250    0.9630    0.9240    0.9660    0.9470    1.0580
    1.4120    0.4850    0.6440    0.9660    1.4220    0.9090    1.1990    0.8140    0.9960    0.9680
    0.9230    0.8020    0.7210    1.8650    1.4200    0.9460    1.0370    0.9840    0.9330    1.0030
    0.0980    1.9320    1.8030    0.8520    1.1480    0.8360    0.7950    1.3570    1.0780    0.9750
    4.7870    1.2100    0.8700    0.6390    1.7440    0.6960    1.0510    1.0760    0.9590    0.9690
    1.4260    1.2960    0.7480    0.7920    1.0070    1.2190    0.5950    0.7250    0.9100    1.0210
    1.2660    0.9650    0.7820    1.4500    0.7820    1.0480    0.9280    1.0960    1.1160    0.9370
    1.9000    1.4820    1.7100    0.8870    0.7640    0.9290    0.9960    0.9050    1.0800    0.9580
    0.4710    1.1050    1.4130    1.0450    1.7370    1.0610    1.1470    0.9860    0.8940    1.0300
    2.9580    0.9800    0.8420    0.4920    1.3570    1.1330    0.9360    1.0100    0.9710    1.0370
    0.5310    0.2420    1.2710    0.9590    1.4090    0.9290    1.0890    1.0390    1.0940    1.0250
    0.9420    2.8390    1.3090    0.9260    0.9420    0.6980    0.7960    1.1100    0.9720    0.9920
    0.0960    0.3020    1.4170    0.7280    1.1930    0.7800    1.1430    0.8920    0.8970    0.9490
    0.6220    2.6020    0.3480    1.2660    0.8080    0.9140    1.2260    0.9970    0.8860    1.0090
    2.5110    0.6730    0.8010    0.8000    1.3130    0.6710    0.6870    1.0810    0.9590    0.9560
    1.3990    1.4820    0.5470    0.6170    0.9050    0.9690    1.1530    1.1800    1.1890    0.9890
    1.2310    0.8390    1.4910    1.2940    1.3160    0.9440    1.2100    1.0190    0.8340    1.0050
    1.1360    0.2230    0.6370    1.2880    0.8060    0.8230    0.7880    1.0880    0.9250    0.9680
    3.0340    0.6090    0.5560    2.4350    1.4980    1.1150    1.0510    0.9750    0.8160    1.0690
