           0.46	           1.55	           1.58	        -46.352	        323.846	          0.225	          1.212	          1.263	        -47.139	        324.816	        Normal          Normal     0.460	     0.545	     0.297	     0.577	     0.333	     0.225	     0.212	     0.045	     0.263	     0.069	     0.970
         0.0311	           1.21	           1.24	        -40.242	        315.383	          0.045	          0.817	          0.851	        -37.279	        311.161	       Laplace         Laplace     0.031	     0.210	     0.044	     0.235	     0.055	     0.045	    -0.183	     0.033	    -0.149	     0.022	    -4.222
          0.126	           1.33	           1.36	        -42.604	        318.654	         -0.139	          0.873	          0.909	        -38.923	        313.437	       Laplace         Laplace     0.126	     0.330	     0.109	     0.357	     0.128	    -0.139	    -0.127	     0.016	    -0.091	     0.008	    -5.217
         0.0733	           1.22	           1.25	        -40.443	        315.662	          0.157	          0.802	          0.836	        -36.822	        310.528	       Laplace         Laplace     0.073	     0.220	     0.048	     0.245	     0.060	     0.157	    -0.198	     0.039	    -0.164	     0.027	    -5.134
          -0.18	           1.47	            1.5	        -45.162	        322.197	          0.106	          0.996	          1.037	        -42.220	        318.004	       Laplace         Laplace    -0.180	     0.473	     0.224	     0.504	     0.254	     0.106	    -0.004	     0.000	     0.037	     0.001	    -4.193
         -0.456	           2.19	           2.23	        -55.032	        335.867	         -0.201	          1.292	          1.345	        -48.725	        327.013	       Laplace         Laplace    -0.456	     1.187	     1.408	     1.232	     1.517	    -0.201	     0.292	     0.085	     0.345	     0.119	    -8.854
         -0.737	           1.54	           1.57	        -46.251	        323.705	         -0.335	          1.046	          1.090	        -43.463	        319.724	       Laplace         Laplace    -0.737	     0.539	     0.290	     0.571	     0.326	    -0.335	     0.046	     0.002	     0.090	     0.008	    -3.980
           0.16	          0.737	          0.752	        -27.844	        298.212	          0.077	          0.570	          0.594	        -28.297	        298.720	        Normal          Normal     0.160	    -0.263	     0.069	    -0.248	     0.061	     0.077	    -0.430	     0.184	    -0.406	     0.165	     0.507
          0.217	           1.03	           1.05	        -36.299	        309.922	          0.311	          0.757	          0.789	        -35.383	        308.535	       Laplace         Laplace     0.217	     0.034	     0.001	     0.055	     0.003	     0.311	    -0.243	     0.059	    -0.211	     0.045	    -1.387
          0.217	           1.28	            1.3	        -41.598	        317.261	          0.286	          0.871	          0.907	        -38.870	        313.364	       Laplace         Laplace     0.217	     0.278	     0.077	     0.304	     0.092	     0.286	    -0.129	     0.017	    -0.093	     0.009	    -3.898
           0.86	           1.33	           1.36	        -42.684	        318.765	          0.744	          0.954	          0.994	        -41.150	        316.522	       Laplace         Laplace     0.860	     0.334	     0.112	     0.362	     0.131	     0.744	    -0.046	     0.002	    -0.006	     0.000	    -2.243
          -0.39	           1.16	           1.18	        -39.096	        313.795	         -0.047	          0.834	          0.869	        -37.786	        311.862	       Laplace         Laplace    -0.390	     0.156	     0.024	     0.180	     0.032	    -0.047	    -0.166	     0.028	    -0.131	     0.017	    -1.933
         -0.485	           1.62	           1.66	        -47.561	        325.520	         -0.573	          1.216	          1.266	        -47.210	        324.914	       Laplace         Laplace    -0.485	     0.622	     0.387	     0.655	     0.429	    -0.573	     0.216	     0.046	     0.266	     0.071	    -0.606
          0.542	           1.63	           1.66	        -47.689	        325.697	          0.519	          1.198	          1.248	        -46.843	        324.406	       Laplace         Laplace     0.542	     0.630	     0.397	     0.664	     0.440	     0.519	     0.198	     0.039	     0.248	     0.061	    -1.291
          0.249	           1.12	           1.15	        -38.396	        312.826	          0.355	          0.927	          0.966	        -40.447	        315.547	        Normal          Normal     0.249	     0.124	     0.015	     0.147	     0.022	     0.355	    -0.073	     0.005	    -0.034	     0.001	     2.721
         -0.106	           1.28	           1.31	        -41.674	        317.366	         -0.267	          0.944	          0.984	        -40.901	        316.176	       Laplace         Laplace    -0.106	     0.281	     0.079	     0.308	     0.095	    -0.267	    -0.056	     0.003	    -0.016	     0.000	    -1.190
        -0.0765	           1.16	           1.18	        -39.161	        313.885	         -0.018	          0.812	          0.846	        -37.130	        310.953	       Laplace         Laplace    -0.076	     0.159	     0.025	     0.183	     0.033	    -0.018	    -0.188	     0.035	    -0.154	     0.024	    -2.932
          0.267	           1.32	           1.35	        -42.433	        318.418	          0.261	          0.891	          0.928	        -39.441	        314.155	       Laplace         Laplace     0.267	     0.321	     0.103	     0.348	     0.121	     0.261	    -0.109	     0.012	    -0.072	     0.005	    -4.263
         -0.174	           1.61	           1.65	        -47.415	        325.318	         -0.120	          1.136	          1.184	        -45.526	        322.583	       Laplace         Laplace    -0.174	     0.612	     0.375	     0.646	     0.417	    -0.120	     0.136	     0.019	     0.184	     0.034	    -2.735
          0.208	           1.64	           1.67	        -47.788	        325.834	          0.145	          1.093	          1.139	        -44.555	        321.237	       Laplace         Laplace     0.208	     0.637	     0.405	     0.670	     0.449	     0.145	     0.093	     0.009	     0.139	     0.019	    -4.598
          -0.46	           1.82	           1.86	        -50.412	        329.469	         -0.086	          1.355	          1.412	        -49.930	        328.682	       Laplace         Laplace    -0.460	     0.818	     0.669	     0.855	     0.731	    -0.086	     0.355	     0.126	     0.412	     0.170	    -0.786
          0.188	           1.67	            1.7	        -48.297	        326.539	         -0.069	          1.163	          1.211	        -46.098	        323.374	       Laplace         Laplace     0.188	     0.670	     0.449	     0.705	     0.496	    -0.069	     0.163	     0.026	     0.211	     0.045	    -3.164
          0.559	           1.52	           1.56	        -46.011	        323.373	          0.257	          1.140	          1.188	        -45.605	        322.692	       Laplace         Laplace     0.559	     0.524	     0.275	     0.556	     0.309	     0.257	     0.140	     0.020	     0.188	     0.035	    -0.681
        -0.0742	           1.95	           1.99	        -52.225	        331.979	          0.510	          1.575	          1.640	        -53.683	        333.880	        Normal          Normal    -0.074	     0.954	     0.911	     0.995	     0.989	     0.510	     0.575	     0.330	     0.640	     0.410	     1.901
         -0.102	           1.28	           1.31	        -41.694	        317.393	         -0.226	          0.954	          0.994	        -41.155	        316.528	       Laplace         Laplace    -0.102	     0.282	     0.080	     0.309	     0.095	    -0.226	    -0.046	     0.002	    -0.006	     0.000	    -0.866
          0.399	           1.35	           1.38	        -43.062	        319.288	          0.186	          1.074	          1.119	        -44.125	        320.641	        Normal          Normal     0.399	     0.355	     0.126	     0.383	     0.146	     0.186	     0.074	     0.006	     0.119	     0.014	     1.353
         -0.177	           1.33	           1.36	        -42.624	        318.681	         -0.204	          0.919	          0.958	        -40.225	        315.240	       Laplace         Laplace    -0.177	     0.331	     0.110	     0.359	     0.129	    -0.204	    -0.081	     0.007	    -0.042	     0.002	    -3.442
        -0.0238	           1.29	           1.32	        -41.832	        317.585	          0.026	          0.983	          1.024	        -41.895	        317.553	        Normal         Laplace    -0.024	     0.290	     0.084	     0.316	     0.100	     0.026	    -0.017	     0.000	     0.024	     0.001	    -0.032
          -0.48	              1	           1.02	        -35.488	        308.799	         -0.396	          0.711	          0.741	        -33.806	        306.350	       Laplace         Laplace    -0.480	     0.001	     0.000	     0.021	     0.000	    -0.396	    -0.289	     0.083	    -0.259	     0.067	    -2.449
         -0.479	           1.01	           1.03	        -35.819	        309.257	         -0.307	          0.737	          0.768	        -34.716	        307.610	       Laplace         Laplace    -0.479	     0.014	     0.000	     0.035	     0.001	    -0.307	    -0.263	     0.069	    -0.232	     0.054	    -1.647
          -0.24	          0.822	          0.839	        -30.570	        301.987	         -0.261	          0.630	          0.657	        -30.789	        302.172	        Normal          Normal    -0.240	    -0.178	     0.032	    -0.161	     0.026	    -0.261	    -0.370	     0.137	    -0.343	     0.118	     0.184
          0.325	           1.11	           1.14	        -38.136	        312.467	          0.123	          0.838	          0.873	        -37.917	        312.044	       Laplace         Laplace     0.325	     0.112	     0.013	     0.135	     0.018	     0.123	    -0.162	     0.026	    -0.127	     0.016	    -0.422
         -0.208	           1.29	           1.32	        -41.929	        317.720	         -0.110	          0.812	          0.846	        -37.135	        310.960	       Laplace         Laplace    -0.208	     0.295	     0.087	     0.321	     0.103	    -0.110	    -0.188	     0.035	    -0.154	     0.024	    -6.760
         -0.189	           1.08	            1.1	        -37.289	        311.294	         -0.077	          0.831	          0.866	        -37.698	        311.741	        Normal          Normal    -0.189	     0.075	     0.006	     0.098	     0.010	    -0.077	    -0.169	     0.029	    -0.134	     0.018	     0.447
          -0.11	           1.31	           1.34	        -42.257	        318.174	          0.019	          0.976	          1.017	        -41.731	        317.326	       Laplace         Laplace    -0.110	     0.312	     0.097	     0.339	     0.115	     0.019	    -0.024	     0.001	     0.017	     0.000	    -0.848
          0.165	           1.13	           1.15	        -38.527	        313.007	          0.043	          0.822	          0.856	        -37.428	        311.367	       Laplace         Laplace     0.165	     0.130	     0.017	     0.153	     0.023	     0.043	    -0.178	     0.032	    -0.144	     0.021	    -1.640
        0.00584	           1.35	           1.38	        -43.050	        319.272	         -0.023	          1.005	          1.047	        -42.457	        318.332	       Laplace         Laplace     0.006	     0.354	     0.125	     0.382	     0.146	    -0.023	     0.005	     0.000	     0.047	     0.002	    -0.940
        0.00456	           1.13	           1.15	        -38.535	        313.019	         -0.199	          0.882	          0.919	        -39.184	        313.799	        Normal          Normal     0.005	     0.130	     0.017	     0.154	     0.024	    -0.199	    -0.118	     0.014	    -0.081	     0.007	     0.780
          0.242	           1.33	           1.36	        -42.614	        318.668	          0.209	          0.949	          0.988	        -41.017	        316.337	       Laplace         Laplace     0.242	     0.331	     0.109	     0.358	     0.128	     0.209	    -0.051	     0.003	    -0.012	     0.000	    -2.331
          0.173	           1.85	           1.89	        -50.904	        330.149	          0.061	          1.337	          1.393	        -49.586	        328.206	       Laplace         Laplace     0.173	     0.854	     0.729	     0.892	     0.796	     0.061	     0.337	     0.113	     0.393	     0.154	    -1.943
         0.0697	           1.52	           1.55	        -45.919	        323.246	          0.114	          1.004	          1.046	        -42.438	        318.306	       Laplace         Laplace     0.070	     0.519	     0.269	     0.550	     0.302	     0.114	     0.004	     0.000	     0.046	     0.002	    -4.940
        -0.0219	           1.23	           1.26	        -40.688	        316.001	          0.132	          0.873	          0.909	        -38.931	        313.448	       Laplace         Laplace    -0.022	     0.232	     0.054	     0.257	     0.066	     0.132	    -0.127	     0.016	    -0.091	     0.008	    -2.553
        -0.0444	           1.02	           1.04	        -36.027	        309.545	         -0.088	          0.724	          0.754	        -34.263	        306.983	       Laplace         Laplace    -0.044	     0.022	     0.001	     0.043	     0.002	    -0.088	    -0.276	     0.076	    -0.246	     0.060	    -2.562
          0.169	           1.35	           1.38	        -42.979	        319.174	          0.444	          1.045	          1.088	        -43.424	        319.671	        Normal          Normal     0.169	     0.350	     0.123	     0.378	     0.143	     0.444	     0.045	     0.002	     0.088	     0.008	     0.498
          0.122	           1.46	           1.49	        -44.974	        321.937	         -0.032	          0.931	          0.969	        -40.528	        315.661	       Laplace         Laplace     0.122	     0.462	     0.214	     0.492	     0.243	    -0.032	    -0.069	     0.005	    -0.031	     0.001	    -6.276
         -0.153	           1.35	           1.38	        -42.964	        319.153	         -0.136	          0.996	          1.037	        -42.218	        318.001	       Laplace         Laplace    -0.153	     0.349	     0.122	     0.377	     0.142	    -0.136	    -0.004	     0.000	     0.037	     0.001	    -1.152
        -0.0824	           1.51	           1.54	        -45.788	        323.064	          0.168	          1.148	          1.196	        -45.787	        322.944	       Laplace         Laplace    -0.082	     0.511	     0.261	     0.542	     0.294	     0.168	     0.148	     0.022	     0.196	     0.038	    -0.120
         0.0415	           1.56	            1.6	        -46.659	        324.271	          0.392	          1.202	          1.252	        -46.936	        324.535	        Normal          Normal     0.041	     0.564	     0.318	     0.597	     0.356	     0.392	     0.202	     0.041	     0.252	     0.064	     0.264
         -0.546	           1.59	           1.63	        -47.139	        324.935	         -0.216	          1.145	          1.193	        -45.722	        322.853	       Laplace         Laplace    -0.546	     0.595	     0.354	     0.627	     0.394	    -0.216	     0.145	     0.021	     0.193	     0.037	    -2.082
         -0.223	           1.29	           1.32	        -41.866	        317.632	          0.086	          0.817	          0.851	        -37.264	        311.139	       Laplace         Laplace    -0.223	     0.291	     0.085	     0.318	     0.101	     0.086	    -0.183	     0.034	    -0.149	     0.022	    -6.493
         0.0094	          0.831	          0.848	        -30.841	        302.363	         -0.020	          0.626	          0.652	        -30.617	        301.933	       Laplace         Laplace     0.009	    -0.169	     0.029	    -0.152	     0.023	    -0.020	    -0.374	     0.140	    -0.348	     0.121	    -0.429
        -0.0819	           1.34	           1.37	        -42.775	        318.891	          0.123	          1.023	          1.066	        -42.896	        318.940	        Normal          Normal    -0.082	     0.339	     0.115	     0.367	     0.135	     0.123	     0.023	     0.001	     0.066	     0.004	     0.049
          0.249	           1.06	           1.09	        -37.035	        310.941	          0.097	          0.783	          0.816	        -36.225	        309.700	       Laplace         Laplace     0.249	     0.064	     0.004	     0.086	     0.007	     0.097	    -0.217	     0.047	    -0.184	     0.034	    -1.241
        -0.0288	           1.35	           1.37	        -42.896	        319.058	          0.050	          1.026	          1.069	        -42.965	        319.035	        Normal         Laplace    -0.029	     0.346	     0.119	     0.373	     0.139	     0.050	     0.026	     0.001	     0.069	     0.005	    -0.024
         -0.379	           1.01	           1.03	        -35.809	        309.244	         -0.303	          0.763	          0.794	        -35.554	        308.772	       Laplace         Laplace    -0.379	     0.014	     0.000	     0.034	     0.001	    -0.303	    -0.237	     0.056	    -0.206	     0.042	    -0.472
        -0.0923	           1.67	            1.7	        -48.266	        326.496	         -0.120	          1.284	          1.337	        -48.576	        326.806	        Normal          Normal    -0.092	     0.668	     0.446	     0.703	     0.494	    -0.120	     0.284	     0.081	     0.337	     0.114	     0.310
         -0.452	           1.47	            1.5	        -45.148	        322.178	         -0.088	          1.089	          1.134	        -44.457	        321.102	       Laplace         Laplace    -0.452	     0.473	     0.223	     0.503	     0.253	    -0.088	     0.089	     0.008	     0.134	     0.018	    -1.076
         -0.087	           1.88	           1.91	        -51.199	        330.559	          0.225	          1.263	          1.315	        -48.160	        326.231	       Laplace         Laplace    -0.087	     0.876	     0.767	     0.914	     0.836	     0.225	     0.263	     0.069	     0.315	     0.099	    -4.328
          0.222	            1.6	           1.63	        -47.249	        325.088	          0.303	          1.251	          1.303	        -47.918	        325.895	        Normal          Normal     0.222	     0.602	     0.362	     0.635	     0.403	     0.303	     0.251	     0.063	     0.303	     0.092	     0.806
         -0.301	           1.01	           1.03	        -35.788	        309.214	         -0.210	          0.792	          0.825	        -36.486	        310.062	        Normal          Normal    -0.301	     0.013	     0.000	     0.034	     0.001	    -0.210	    -0.208	     0.043	    -0.175	     0.031	     0.848
         -0.116	           1.29	           1.31	        -41.754	        317.477	         -0.080	          0.899	          0.937	        -39.680	        314.486	       Laplace         Laplace    -0.116	     0.286	     0.082	     0.312	     0.097	    -0.080	    -0.101	     0.010	    -0.063	     0.004	    -2.991
         0.0504	           1.47	            1.5	        -45.053	        322.046	          0.118	          1.119	          1.166	        -45.149	        322.061	        Normal          Normal     0.050	     0.467	     0.218	     0.497	     0.247	     0.118	     0.119	     0.014	     0.166	     0.028	     0.014
          0.485	            1.9	           1.94	        -51.576	        331.081	          0.273	          1.301	          1.355	        -48.906	        327.264	       Laplace         Laplace     0.485	     0.904	     0.818	     0.944	     0.890	     0.273	     0.301	     0.091	     0.355	     0.126	    -3.817
         -0.409	            1.3	           1.33	        -42.000	        317.818	         -0.272	          0.993	          1.034	        -42.154	        317.912	        Normal          Normal    -0.409	     0.298	     0.089	     0.325	     0.106	    -0.272	    -0.007	     0.000	     0.034	     0.001	     0.095
          0.241	           1.66	            1.7	        -48.202	        326.408	          0.218	          1.023	          1.066	        -42.898	        318.943	       Laplace         Laplace     0.241	     0.664	     0.441	     0.698	     0.487	     0.218	     0.023	     0.001	     0.066	     0.004	    -7.465
          0.358	           1.23	           1.26	        -40.651	        315.950	          0.210	          0.901	          0.939	        -39.732	        314.558	       Laplace         Laplace     0.358	     0.230	     0.053	     0.255	     0.065	     0.210	    -0.099	     0.010	    -0.061	     0.004	    -1.392
         -0.348	           1.11	           1.13	        -38.039	        312.332	         -0.135	          0.898	          0.936	        -39.642	        314.434	        Normal          Normal    -0.348	     0.108	     0.012	     0.131	     0.017	    -0.135	    -0.102	     0.010	    -0.064	     0.004	     2.101
         -0.345	           1.13	           1.15	        -38.464	        312.920	         -0.216	          0.848	          0.883	        -38.197	        312.432	       Laplace         Laplace    -0.345	     0.127	     0.016	     0.150	     0.023	    -0.216	    -0.152	     0.023	    -0.117	     0.014	    -0.488
          -0.81	           2.01	           2.05	        -52.876	        332.882	         -0.209	          1.120	          1.167	        -45.165	        322.082	       Laplace         Laplace    -0.810	     1.006	     1.012	     1.047	     1.097	    -0.209	     0.120	     0.014	     0.167	     0.028	   -10.800
         -0.252	           1.36	           1.39	        -43.137	        319.392	         -0.141	          1.025	          1.068	        -42.943	        319.005	       Laplace         Laplace    -0.252	     0.359	     0.129	     0.387	     0.150	    -0.141	     0.025	     0.001	     0.068	     0.005	    -0.387
        -0.0868	           1.15	           1.17	        -38.956	        313.602	         -0.195	          0.793	          0.826	        -36.544	        310.143	       Laplace         Laplace    -0.087	     0.149	     0.022	     0.173	     0.030	    -0.195	    -0.207	     0.043	    -0.174	     0.030	    -3.459
          0.195	           1.36	           1.39	        -43.168	        319.436	         -0.003	          1.050	          1.094	        -43.553	        319.850	        Normal          Normal     0.195	     0.360	     0.130	     0.388	     0.151	    -0.003	     0.050	     0.003	     0.094	     0.009	     0.414
         -0.103	           1.76	            1.8	        -49.620	        328.371	         -0.075	          1.299	          1.353	        -48.865	        327.206	       Laplace         Laplace    -0.103	     0.761	     0.579	     0.797	     0.636	    -0.075	     0.299	     0.089	     0.353	     0.125	    -1.165
          0.141	           1.11	           1.14	        -38.139	        312.470	          0.181	          0.856	          0.892	        -38.444	        312.774	        Normal          Normal     0.141	     0.113	     0.013	     0.135	     0.018	     0.181	    -0.144	     0.021	    -0.108	     0.012	     0.303
          0.447	            1.3	           1.33	        -42.045	        317.880	          0.171	          0.986	          1.027	        -41.976	        317.666	       Laplace         Laplace     0.447	     0.301	     0.090	     0.327	     0.107	     0.171	    -0.014	     0.000	     0.027	     0.001	    -0.215
           0.27	            1.8	           1.84	        -50.208	        329.186	          0.227	          1.181	          1.230	        -46.486	        323.912	       Laplace         Laplace     0.270	     0.803	     0.645	     0.840	     0.706	     0.227	     0.181	     0.033	     0.230	     0.053	    -5.274
          0.466	            1.1	           1.12	        -37.842	        312.059	          0.430	          0.839	          0.874	        -37.946	        312.084	        Normal          Normal     0.466	     0.099	     0.010	     0.122	     0.015	     0.430	    -0.161	     0.026	    -0.126	     0.016	     0.025
          0.616	           1.68	           1.72	        -48.492	        326.810	          0.453	          1.247	          1.299	        -47.854	        325.806	       Laplace         Laplace     0.616	     0.683	     0.467	     0.718	     0.516	     0.453	     0.247	     0.061	     0.299	     0.090	    -1.004
         -0.228	           1.44	           1.47	        -44.608	        321.430	         -0.085	          1.040	          1.083	        -43.312	        319.516	       Laplace         Laplace    -0.228	     0.441	     0.195	     0.471	     0.222	    -0.085	     0.040	     0.002	     0.083	     0.007	    -1.914
          0.162	            1.1	           1.12	        -37.854	        312.076	         -0.089	          0.828	          0.862	        -37.596	        311.599	       Laplace         Laplace     0.162	     0.100	     0.010	     0.123	     0.015	    -0.089	    -0.172	     0.030	    -0.138	     0.019	    -0.477
          0.146	           1.39	           1.41	        -43.635	        320.083	          0.493	          1.080	          1.125	        -44.255	        320.821	        Normal          Normal     0.146	     0.386	     0.149	     0.415	     0.172	     0.493	     0.080	     0.006	     0.125	     0.016	     0.739
         -0.176	           1.32	           1.35	        -42.377	        318.340	          0.031	          0.887	          0.924	        -39.329	        313.999	       Laplace         Laplace    -0.176	     0.318	     0.101	     0.345	     0.119	     0.031	    -0.113	     0.013	    -0.076	     0.006	    -4.341
        -0.0525	           1.63	           1.67	        -47.719	        325.738	         -0.133	          1.151	          1.199	        -45.838	        323.014	       Laplace         Laplace    -0.052	     0.632	     0.399	     0.666	     0.443	    -0.133	     0.151	     0.023	     0.199	     0.039	    -2.725
         -0.812	           1.65	           1.68	        -47.938	        326.041	         -0.518	          0.995	          1.037	        -42.213	        317.994	       Laplace         Laplace    -0.812	     0.646	     0.418	     0.680	     0.463	    -0.518	    -0.005	     0.000	     0.037	     0.001	    -8.047
          0.167	           1.11	           1.13	        -38.109	        312.429	          0.082	          0.763	          0.795	        -35.565	        308.786	       Laplace         Laplace     0.167	     0.111	     0.012	     0.134	     0.018	     0.082	    -0.237	     0.056	    -0.205	     0.042	    -3.642
          0.311	           1.41	           1.44	        -44.140	        320.781	          0.099	          1.009	          1.051	        -42.563	        318.478	       Laplace         Laplace     0.311	     0.414	     0.172	     0.443	     0.197	     0.099	     0.009	     0.000	     0.051	     0.003	    -2.303
          -0.64	          0.802	          0.819	        -29.971	        301.157	         -0.300	          0.571	          0.595	        -28.313	        298.742	       Laplace         Laplace    -0.640	    -0.198	     0.039	    -0.181	     0.033	    -0.300	    -0.429	     0.184	    -0.405	     0.164	    -2.416
          0.238	           1.06	           1.08	        -37.001	        310.895	          0.458	          0.890	          0.928	        -39.428	        314.136	        Normal          Normal     0.238	     0.063	     0.004	     0.085	     0.007	     0.458	    -0.110	     0.012	    -0.072	     0.005	     3.242
        -0.0201	           1.44	           1.47	        -44.650	        321.488	         -0.337	          0.956	          0.996	        -41.209	        316.603	       Laplace         Laplace    -0.020	     0.443	     0.197	     0.473	     0.224	    -0.337	    -0.044	     0.002	    -0.004	     0.000	    -4.885
         -0.416	           1.36	           1.39	        -43.192	        319.469	         -0.117	          1.101	          1.147	        -44.733	        321.484	        Normal          Normal    -0.416	     0.362	     0.131	     0.390	     0.152	    -0.117	     0.101	     0.010	     0.147	     0.022	     2.016
         -0.369	           1.14	           1.16	        -38.729	        313.288	         -0.410	          0.898	          0.936	        -39.645	        314.437	        Normal          Normal    -0.369	     0.139	     0.019	     0.163	     0.026	    -0.410	    -0.102	     0.010	    -0.064	     0.004	     1.148
          0.183	            1.6	           1.64	        -47.263	        325.108	          0.257	          1.046	          1.089	        -43.449	        319.706	       Laplace         Laplace     0.183	     0.603	     0.363	     0.636	     0.404	     0.257	     0.046	     0.002	     0.089	     0.008	    -5.402
         -0.178	              1	           1.02	        -35.495	        308.808	          0.046	          0.764	          0.796	        -35.590	        308.821	        Normal          Normal    -0.178	     0.001	     0.000	     0.021	     0.000	     0.046	    -0.236	     0.056	    -0.204	     0.042	     0.012
         0.0519	           1.53	           1.56	        -46.074	        323.461	         -0.110	          1.098	          1.143	        -44.656	        321.377	       Laplace         Laplace     0.052	     0.528	     0.279	     0.560	     0.313	    -0.110	     0.098	     0.010	     0.143	     0.021	    -2.084
         -0.418	           1.73	           1.76	        -49.149	        327.720	         -0.246	          1.177	          1.226	        -46.395	        323.786	       Laplace         Laplace    -0.418	     0.728	     0.530	     0.764	     0.583	    -0.246	     0.177	     0.031	     0.226	     0.051	    -3.933
          0.466	          0.914	          0.932	        -33.212	        305.646	          0.374	          0.660	          0.687	        -31.935	        303.759	       Laplace         Laplace     0.466	    -0.086	     0.007	    -0.068	     0.005	     0.374	    -0.340	     0.116	    -0.313	     0.098	    -1.888
         0.0158	           1.41	           1.44	        -44.043	        320.647	          0.236	          1.107	          1.153	        -44.875	        321.680	        Normal          Normal     0.016	     0.409	     0.167	     0.438	     0.192	     0.236	     0.107	     0.011	     0.153	     0.024	     1.033
         -0.396	            1.5	           1.53	        -45.644	        322.865	         -0.704	          1.162	          1.210	        -46.083	        323.354	        Normal          Normal    -0.396	     0.502	     0.252	     0.533	     0.284	    -0.704	     0.162	     0.026	     0.210	     0.044	     0.489
         -0.249	           1.04	           1.06	        -36.531	        310.243	         -0.193	          0.757	          0.788	        -35.364	        308.507	       Laplace         Laplace    -0.249	     0.043	     0.002	     0.065	     0.004	    -0.193	    -0.243	     0.059	    -0.212	     0.045	    -1.736
         -0.107	           1.33	           1.36	        -42.592	        318.638	         -0.342	          1.009	          1.051	        -42.552	        318.463	       Laplace         Laplace    -0.107	     0.329	     0.109	     0.357	     0.127	    -0.342	     0.009	     0.000	     0.051	     0.003	    -0.175
