          0.127	           1.64	           1.64	       -191.083	       1282.010	         -0.017	          1.172	          1.184	       -185.202	       1273.503	       Laplace         Laplace     0.127	     0.635	     0.404	     0.644	     0.414	    -0.017	     0.172	     0.030	     0.184	     0.034	    -8.507
        -0.0208	           1.55	           1.55	       -185.442	       1273.954	          0.006	          1.075	          1.086	       -176.540	       1261.132	       Laplace         Laplace    -0.021	     0.546	     0.298	     0.553	     0.306	     0.006	     0.075	     0.006	     0.086	     0.007	   -12.822
         0.0472	           1.52	           1.53	       -184.050	       1271.966	          0.054	          1.106	          1.117	       -179.406	       1265.225	       Laplace         Laplace     0.047	     0.524	     0.275	     0.532	     0.283	     0.054	     0.106	     0.011	     0.117	     0.014	    -6.741
       -0.00194	           1.43	           1.44	       -177.616	       1262.776	          0.099	          1.002	          1.012	       -169.469	       1251.032	       Laplace         Laplace    -0.002	     0.429	     0.184	     0.437	     0.191	     0.099	     0.002	     0.000	     0.012	     0.000	   -11.744
          0.165	           1.69	            1.7	       -194.553	       1286.967	         -0.004	          1.176	          1.188	       -185.550	       1274.001	       Laplace         Laplace     0.165	     0.693	     0.480	     0.702	     0.492	    -0.004	     0.176	     0.031	     0.188	     0.035	   -12.967
         -0.103	           1.23	           1.24	       -162.939	       1241.814	         -0.108	          0.905	          0.914	       -159.366	       1236.602	       Laplace         Laplace    -0.103	     0.234	     0.055	     0.240	     0.058	    -0.108	    -0.095	     0.009	    -0.086	     0.007	    -5.212
          0.139	           1.48	           1.48	       -180.873	       1267.429	         -0.076	          0.975	          0.985	       -166.778	       1247.189	       Laplace         Laplace     0.139	     0.477	     0.227	     0.484	     0.234	    -0.076	    -0.025	     0.001	    -0.015	     0.000	   -20.240
        -0.0573	           1.16	           1.17	       -156.904	       1233.194	          0.076	          0.860	          0.868	       -154.181	       1229.197	       Laplace         Laplace    -0.057	     0.162	     0.026	     0.168	     0.028	     0.076	    -0.140	     0.020	    -0.132	     0.017	    -3.997
        -0.0374	           1.45	           1.46	       -179.273	       1265.143	         -0.150	          1.036	          1.046	       -172.825	       1255.826	       Laplace         Laplace    -0.037	     0.453	     0.205	     0.461	     0.212	    -0.150	     0.036	     0.001	     0.046	     0.002	    -9.317
        -0.0979	            1.4	           1.41	       -175.874	       1260.288	         -0.124	          1.057	          1.068	       -174.851	       1258.719	       Laplace         Laplace    -0.098	     0.405	     0.164	     0.412	     0.170	    -0.124	     0.057	     0.003	     0.068	     0.005	    -1.569
         -0.133	           1.29	            1.3	       -167.620	       1248.500	         -0.042	          0.960	          0.970	       -165.251	       1245.008	       Laplace         Laplace    -0.133	     0.293	     0.086	     0.300	     0.090	    -0.042	    -0.040	     0.002	    -0.030	     0.001	    -3.491
         0.0124	            1.4	           1.41	       -175.462	       1259.700	         -0.062	          1.094	          1.105	       -178.256	       1263.582	        Normal          Normal     0.012	     0.399	     0.159	     0.406	     0.165	    -0.062	     0.094	     0.009	     0.105	     0.011	     3.882
        -0.0401	           1.25	           1.25	       -163.960	       1243.273	         -0.076	          0.878	          0.887	       -156.287	       1232.205	       Laplace         Laplace    -0.040	     0.247	     0.061	     0.253	     0.064	    -0.076	    -0.122	     0.015	    -0.113	     0.013	   -11.068
         -0.166	           1.51	           1.52	       -183.210	       1270.766	         -0.075	          1.119	          1.130	       -180.540	       1266.845	       Laplace         Laplace    -0.166	     0.512	     0.262	     0.519	     0.270	    -0.075	     0.119	     0.014	     0.130	     0.017	    -3.921
          0.114	            1.6	            1.6	       -188.676	       1278.573	         -0.147	          1.059	          1.069	       -175.009	       1258.944	       Laplace         Laplace     0.114	     0.597	     0.356	     0.605	     0.365	    -0.147	     0.059	     0.003	     0.069	     0.005	   -19.629
        -0.0995	            1.2	           1.21	       -160.155	       1237.837	         -0.166	          0.876	          0.885	       -156.075	       1231.902	       Laplace         Laplace    -0.099	     0.200	     0.040	     0.206	     0.043	    -0.166	    -0.124	     0.015	    -0.115	     0.013	    -5.936
        0.00729	           1.21	           1.21	       -160.587	       1238.454	         -0.017	          0.891	          0.900	       -157.799	       1234.365	       Laplace         Laplace     0.007	     0.206	     0.042	     0.212	     0.045	    -0.017	    -0.109	     0.012	    -0.100	     0.010	    -4.089
         0.0677	           1.49	            1.5	       -182.086	       1269.161	          0.048	          1.064	          1.075	       -175.530	       1259.690	       Laplace         Laplace     0.068	     0.495	     0.245	     0.502	     0.252	     0.048	     0.064	     0.004	     0.075	     0.006	    -9.472
         0.0238	           1.69	            1.7	       -194.275	       1286.570	         -0.001	          1.130	          1.141	       -181.518	       1268.241	       Laplace         Laplace     0.024	     0.688	     0.474	     0.697	     0.486	    -0.001	     0.130	     0.017	     0.141	     0.020	   -18.328
         0.0497	           1.38	           1.39	       -174.111	       1257.770	          0.033	          0.997	          1.007	       -168.980	       1250.334	       Laplace         Laplace     0.050	     0.380	     0.144	     0.387	     0.150	     0.033	    -0.003	     0.000	     0.007	     0.000	    -7.436
         0.0113	           1.46	           1.47	       -180.037	       1266.234	          0.022	          1.028	          1.038	       -172.077	       1254.758	       Laplace         Laplace     0.011	     0.464	     0.216	     0.472	     0.223	     0.022	     0.028	     0.001	     0.038	     0.001	   -11.476
         -0.108	           1.39	            1.4	       -175.079	       1259.152	         -0.007	          1.017	          1.027	       -170.994	       1253.210	       Laplace         Laplace    -0.108	     0.394	     0.155	     0.401	     0.160	    -0.007	     0.017	     0.000	     0.027	     0.001	    -5.942
         -0.258	           1.19	            1.2	       -159.479	       1236.873	         -0.110	          0.895	          0.904	       -158.226	       1234.974	       Laplace         Laplace    -0.258	     0.192	     0.037	     0.198	     0.039	    -0.110	    -0.105	     0.011	    -0.096	     0.009	    -1.898
        -0.0215	           1.34	           1.34	       -170.945	       1253.248	         -0.062	          0.911	          0.920	       -160.025	       1237.544	       Laplace         Laplace    -0.022	     0.337	     0.114	     0.344	     0.118	    -0.062	    -0.089	     0.008	    -0.080	     0.006	   -15.704
        -0.0179	            1.6	            1.6	       -188.608	       1278.476	          0.043	          1.224	          1.236	       -189.526	       1279.678	        Normal          Normal    -0.018	     0.595	     0.355	     0.603	     0.364	     0.043	     0.224	     0.050	     0.236	     0.056	     1.202
         0.0945	            1.3	            1.3	       -167.826	       1248.793	          0.050	          0.979	          0.989	       -167.203	       1247.795	       Laplace         Laplace     0.094	     0.296	     0.088	     0.303	     0.092	     0.050	    -0.021	     0.000	    -0.011	     0.000	    -0.998
        -0.0468	           1.37	           1.38	       -173.435	       1256.805	          0.051	          0.989	          0.999	       -168.226	       1249.257	       Laplace         Laplace    -0.047	     0.371	     0.138	     0.378	     0.143	     0.051	    -0.011	     0.000	    -0.001	     0.000	    -7.548
         -0.334	           1.41	           1.42	       -176.167	       1260.707	         -0.288	          0.948	          0.957	       -163.952	       1243.153	       Laplace         Laplace    -0.334	     0.409	     0.167	     0.416	     0.173	    -0.288	    -0.052	     0.003	    -0.043	     0.002	   -17.553
        -0.0892	           1.29	            1.3	       -167.268	       1247.997	         -0.021	          0.888	          0.897	       -157.479	       1233.908	       Laplace         Laplace    -0.089	     0.289	     0.083	     0.295	     0.087	    -0.021	    -0.112	     0.012	    -0.103	     0.011	   -14.090
        0.00472	           1.42	           1.42	       -176.806	       1261.619	          0.068	          0.905	          0.914	       -159.339	       1236.564	       Laplace         Laplace     0.005	     0.418	     0.175	     0.425	     0.181	     0.068	    -0.095	     0.009	    -0.086	     0.007	   -25.055
          0.124	           1.35	           1.35	       -171.580	       1254.155	          0.058	          0.936	          0.946	       -162.748	       1241.433	       Laplace         Laplace     0.124	     0.346	     0.119	     0.352	     0.124	     0.058	    -0.064	     0.004	    -0.054	     0.003	   -12.722
        -0.0405	           1.33	           1.34	       -170.700	       1252.899	          0.030	          0.929	          0.938	       -161.899	       1240.221	       Laplace         Laplace    -0.040	     0.334	     0.111	     0.341	     0.116	     0.030	    -0.071	     0.005	    -0.062	     0.004	   -12.678
         -0.142	           1.44	           1.45	       -178.354	       1263.831	         -0.010	          0.945	          0.955	       -163.693	       1242.782	       Laplace         Laplace    -0.142	     0.440	     0.194	     0.447	     0.200	    -0.010	    -0.055	     0.003	    -0.045	     0.002	   -21.049
         0.0776	            1.3	           1.31	       -168.400	       1249.614	          0.083	          1.030	          1.041	       -172.305	       1255.082	        Normal          Normal     0.078	     0.304	     0.092	     0.310	     0.096	     0.083	     0.030	     0.001	     0.041	     0.002	     5.468
         -0.104	           1.52	           1.53	       -183.886	       1271.732	          0.010	          1.128	          1.139	       -181.327	       1267.969	       Laplace         Laplace    -0.104	     0.522	     0.272	     0.530	     0.280	     0.010	     0.128	     0.016	     0.139	     0.019	    -3.763
        -0.0298	           1.23	           1.24	       -162.643	       1241.392	          0.051	          0.903	          0.912	       -159.103	       1236.226	       Laplace         Laplace    -0.030	     0.231	     0.053	     0.237	     0.056	     0.051	    -0.097	     0.009	    -0.088	     0.008	    -5.165
        -0.0556	           1.41	           1.42	       -176.398	       1261.036	         -0.044	          1.021	          1.032	       -171.436	       1253.842	       Laplace         Laplace    -0.056	     0.412	     0.170	     0.419	     0.176	    -0.044	     0.021	     0.000	     0.032	     0.001	    -7.195
         -0.262	           1.13	           1.14	       -154.247	       1229.400	         -0.120	          0.855	          0.864	       -153.704	       1228.516	       Laplace         Laplace    -0.262	     0.131	     0.017	     0.137	     0.019	    -0.120	    -0.145	     0.021	    -0.136	     0.018	    -0.883
          0.114	            1.2	            1.2	       -159.932	       1237.519	          0.015	          0.853	          0.861	       -153.391	       1228.068	       Laplace         Laplace     0.114	     0.198	     0.039	     0.204	     0.041	     0.015	    -0.147	     0.022	    -0.139	     0.019	    -9.451
         0.0859	           1.54	           1.55	       -185.163	       1273.556	          0.203	          1.175	          1.187	       -185.481	       1273.901	        Normal          Normal     0.086	     0.541	     0.293	     0.549	     0.302	     0.203	     0.175	     0.031	     0.187	     0.035	     0.345
         0.0192	           1.32	           1.33	       -169.696	       1251.464	         -0.003	          0.962	          0.972	       -165.476	       1245.329	       Laplace         Laplace     0.019	     0.321	     0.103	     0.327	     0.107	    -0.003	    -0.038	     0.001	    -0.028	     0.001	    -6.135
        -0.0884	           1.14	           1.15	       -155.387	       1231.028	         -0.104	          0.823	          0.831	       -149.828	       1222.979	       Laplace         Laplace    -0.088	     0.144	     0.021	     0.150	     0.023	    -0.104	    -0.177	     0.031	    -0.169	     0.028	    -8.049
           0.24	           1.47	           1.48	       -180.631	       1267.082	         -0.054	          1.061	          1.072	       -175.217	       1259.242	       Laplace         Laplace     0.240	     0.473	     0.224	     0.481	     0.231	    -0.054	     0.061	     0.004	     0.072	     0.005	    -7.840
          0.145	           1.11	           1.11	       -152.086	       1226.312	          0.069	          0.849	          0.857	       -152.927	       1227.407	        Normal          Normal     0.145	     0.107	     0.012	     0.113	     0.013	     0.069	    -0.151	     0.023	    -0.143	     0.020	     1.094
       -0.00454	           1.62	           1.63	       -190.343	       1280.955	          0.084	          1.086	          1.097	       -177.556	       1262.582	       Laplace         Laplace    -0.005	     0.623	     0.389	     0.632	     0.399	     0.084	     0.086	     0.007	     0.097	     0.009	   -18.372
        -0.0565	           1.29	            1.3	       -167.486	       1248.308	         -0.007	          0.947	          0.956	       -163.837	       1242.989	       Laplace         Laplace    -0.057	     0.292	     0.085	     0.298	     0.089	    -0.007	    -0.053	     0.003	    -0.044	     0.002	    -5.319
         -0.125	           1.33	           1.33	       -170.134	       1252.090	         -0.088	          0.945	          0.954	       -163.627	       1242.688	       Laplace         Laplace    -0.125	     0.326	     0.106	     0.333	     0.111	    -0.088	    -0.055	     0.003	    -0.046	     0.002	    -9.402
         -0.137	           1.46	           1.46	       -179.463	       1265.414	         -0.087	          0.988	          0.998	       -168.126	       1249.114	       Laplace         Laplace    -0.137	     0.456	     0.208	     0.463	     0.215	    -0.087	    -0.012	     0.000	    -0.002	     0.000	   -16.300
        -0.0282	           1.63	           1.64	       -190.813	       1281.625	         -0.013	          1.014	          1.024	       -170.715	       1252.812	       Laplace         Laplace    -0.028	     0.631	     0.398	     0.639	     0.409	    -0.013	     0.014	     0.000	     0.024	     0.001	   -28.813
         -0.344	           1.27	           1.27	       -165.629	       1245.656	         -0.137	          0.996	          1.006	       -168.865	       1250.169	        Normal          Normal    -0.344	     0.268	     0.072	     0.274	     0.075	    -0.137	    -0.004	     0.000	     0.006	     0.000	     4.513
          0.101	           1.29	            1.3	       -167.624	       1248.505	          0.099	          0.911	          0.920	       -160.002	       1237.511	       Laplace         Laplace     0.101	     0.293	     0.086	     0.300	     0.090	     0.099	    -0.089	     0.008	    -0.080	     0.006	   -10.994
         -0.125	           1.48	           1.48	       -180.864	       1267.415	         -0.054	          1.049	          1.060	       -174.116	       1257.669	       Laplace         Laplace    -0.125	     0.477	     0.227	     0.484	     0.234	    -0.054	     0.049	     0.002	     0.060	     0.004	    -9.746
         -0.116	           1.44	           1.45	       -178.580	       1264.153	         -0.070	          0.996	          1.007	       -168.962	       1250.308	       Laplace         Laplace    -0.116	     0.443	     0.196	     0.450	     0.203	    -0.070	    -0.004	     0.000	     0.007	     0.000	   -13.845
        -0.0284	           1.65	           1.65	       -191.698	       1282.889	          0.059	          1.190	          1.202	       -186.731	       1275.687	       Laplace         Laplace    -0.028	     0.645	     0.417	     0.654	     0.427	     0.059	     0.190	     0.036	     0.202	     0.041	    -7.202
         0.0483	           1.46	           1.47	       -179.651	       1265.683	         -0.052	          1.051	          1.061	       -174.248	       1257.858	       Laplace         Laplace     0.048	     0.459	     0.210	     0.466	     0.217	    -0.052	     0.051	     0.003	     0.061	     0.004	    -7.825
          -0.28	           1.43	           1.44	       -177.834	       1263.088	         -0.070	          1.076	          1.086	       -176.601	       1261.218	       Laplace         Laplace    -0.280	     0.432	     0.187	     0.440	     0.193	    -0.070	     0.076	     0.006	     0.086	     0.007	    -1.870
          0.288	           1.38	           1.39	       -174.161	       1257.841	          0.177	          1.015	          1.025	       -170.804	       1252.938	       Laplace         Laplace     0.288	     0.381	     0.145	     0.388	     0.150	     0.177	     0.015	     0.000	     0.025	     0.001	    -4.903
         0.0979	           1.32	           1.33	       -169.763	       1251.561	          0.036	          0.979	          0.989	       -167.213	       1247.810	       Laplace         Laplace     0.098	     0.321	     0.103	     0.328	     0.108	     0.036	    -0.021	     0.000	    -0.011	     0.000	    -3.751
         -0.147	           1.39	            1.4	       -174.723	       1258.644	         -0.119	          1.034	          1.044	       -172.615	       1255.525	       Laplace         Laplace    -0.147	     0.389	     0.151	     0.396	     0.156	    -0.119	     0.034	     0.001	     0.044	     0.002	    -3.119
         -0.104	           1.28	           1.29	       -166.530	       1246.942	         -0.128	          0.918	          0.927	       -160.762	       1238.597	       Laplace         Laplace    -0.104	     0.279	     0.078	     0.286	     0.082	    -0.128	    -0.082	     0.007	    -0.073	     0.005	    -8.346
         -0.134	           1.16	           1.17	       -156.993	       1233.321	         -0.102	          0.826	          0.834	       -150.182	       1223.485	       Laplace         Laplace    -0.134	     0.163	     0.027	     0.169	     0.029	    -0.102	    -0.174	     0.030	    -0.166	     0.027	    -9.837
         0.0624	           1.21	           1.22	       -161.038	       1239.098	          0.074	          0.940	          0.949	       -163.109	       1241.949	        Normal          Normal     0.062	     0.211	     0.045	     0.217	     0.047	     0.074	    -0.060	     0.004	    -0.051	     0.003	     2.850
          0.026	           1.19	           1.19	       -158.911	       1236.060	          0.038	          0.815	          0.823	       -148.809	       1221.524	       Laplace         Laplace     0.026	     0.186	     0.034	     0.191	     0.037	     0.038	    -0.185	     0.034	    -0.177	     0.031	   -14.536
         0.0622	           1.23	           1.24	       -162.859	       1241.700	         -0.009	          0.917	          0.926	       -160.654	       1238.443	       Laplace         Laplace     0.062	     0.233	     0.054	     0.239	     0.057	    -0.009	    -0.083	     0.007	    -0.074	     0.005	    -3.257
         0.0725	           1.67	           1.68	       -193.405	       1285.328	          0.099	          1.091	          1.102	       -177.993	       1263.207	       Laplace         Laplace     0.072	     0.674	     0.454	     0.682	     0.465	     0.099	     0.091	     0.008	     0.102	     0.010	   -22.121
        -0.0405	           1.36	           1.36	       -172.380	       1255.297	          0.132	          1.019	          1.029	       -171.167	       1253.458	       Laplace         Laplace    -0.040	     0.356	     0.127	     0.363	     0.132	     0.132	     0.019	     0.000	     0.029	     0.001	    -1.839
        -0.0552	           1.42	           1.42	       -176.701	       1261.469	         -0.107	          1.005	          1.015	       -169.812	       1251.523	       Laplace         Laplace    -0.055	     0.416	     0.173	     0.423	     0.179	    -0.107	     0.005	     0.000	     0.015	     0.000	    -9.946
         -0.011	           1.35	           1.36	       -172.047	       1254.823	          0.058	          0.992	          1.003	       -168.560	       1249.734	       Laplace         Laplace    -0.011	     0.352	     0.124	     0.359	     0.129	     0.058	    -0.008	     0.000	     0.003	     0.000	    -5.089
        0.00619	           1.55	           1.56	       -185.728	       1274.362	          0.047	          1.004	          1.014	       -169.671	       1251.321	       Laplace         Laplace     0.006	     0.550	     0.303	     0.558	     0.311	     0.047	     0.004	     0.000	     0.014	     0.000	   -23.041
            0.1	           1.31	           1.32	       -169.062	       1250.559	         -0.031	          0.908	          0.917	       -159.644	       1236.999	       Laplace         Laplace     0.100	     0.312	     0.097	     0.319	     0.102	    -0.031	    -0.092	     0.008	    -0.083	     0.007	   -13.560
          0.252	           1.28	           1.29	       -166.625	       1247.078	          0.137	          0.943	          0.952	       -163.415	       1242.386	       Laplace         Laplace     0.252	     0.281	     0.079	     0.287	     0.082	     0.137	    -0.057	     0.003	    -0.048	     0.002	    -4.692
           0.16	           1.39	            1.4	       -174.787	       1258.736	          0.026	          0.995	          1.005	       -168.789	       1250.062	       Laplace         Laplace     0.160	     0.389	     0.152	     0.396	     0.157	     0.026	    -0.005	     0.000	     0.005	     0.000	    -8.675
        -0.0603	           1.22	           1.23	       -161.963	       1240.420	         -0.052	          0.970	          0.980	       -166.249	       1246.434	        Normal          Normal    -0.060	     0.222	     0.049	     0.228	     0.052	    -0.052	    -0.030	     0.001	    -0.020	     0.000	     6.014
         0.0147	           1.33	           1.33	       -170.057	       1251.980	         -0.109	          0.946	          0.956	       -163.790	       1242.921	       Laplace         Laplace     0.015	     0.325	     0.106	     0.332	     0.110	    -0.109	    -0.054	     0.003	    -0.044	     0.002	    -9.059
          0.192	            1.6	            1.6	       -188.619	       1278.492	          0.019	          1.116	          1.127	       -180.247	       1266.426	       Laplace         Laplace     0.192	     0.596	     0.355	     0.604	     0.364	     0.019	     0.116	     0.013	     0.127	     0.016	   -12.066
         0.0007	           1.51	           1.52	       -183.071	       1270.567	         -0.118	          1.116	          1.128	       -180.326	       1266.538	       Laplace         Laplace     0.001	     0.509	     0.260	     0.517	     0.267	    -0.118	     0.116	     0.014	     0.128	     0.016	    -4.029
           0.17	           1.25	           1.25	       -163.854	       1243.121	          0.057	          0.879	          0.888	       -156.417	       1232.390	       Laplace         Laplace     0.170	     0.246	     0.060	     0.252	     0.063	     0.057	    -0.121	     0.015	    -0.112	     0.013	   -10.731
          0.108	           1.61	           1.62	       -189.722	       1280.067	         -0.004	          1.057	          1.068	       -174.870	       1258.747	       Laplace         Laplace     0.108	     0.613	     0.376	     0.621	     0.386	    -0.004	     0.057	     0.003	     0.068	     0.005	   -21.320
         0.0791	           1.51	           1.51	       -182.884	       1270.300	         -0.022	          1.066	          1.077	       -175.714	       1259.953	       Laplace         Laplace     0.079	     0.507	     0.257	     0.514	     0.264	    -0.022	     0.066	     0.004	     0.077	     0.006	   -10.347
         -0.151	           1.46	           1.46	       -179.461	       1265.411	         -0.100	          0.976	          0.986	       -166.893	       1247.353	       Laplace         Laplace    -0.151	     0.456	     0.208	     0.463	     0.215	    -0.100	    -0.024	     0.001	    -0.014	     0.000	   -18.059
         -0.283	           1.45	           1.46	       -179.055	       1264.831	         -0.321	          1.111	          1.122	       -179.842	       1265.847	        Normal          Normal    -0.283	     0.450	     0.203	     0.457	     0.209	    -0.321	     0.111	     0.012	     0.122	     0.015	     1.016
        -0.0797	           1.28	           1.28	       -166.220	       1246.499	          0.093	          0.937	          0.947	       -162.857	       1241.588	       Laplace         Laplace    -0.080	     0.275	     0.076	     0.282	     0.079	     0.093	    -0.063	     0.004	    -0.053	     0.003	    -4.911
          0.177	           1.33	           1.33	       -170.152	       1252.116	         -0.040	          0.986	          0.996	       -167.920	       1248.820	       Laplace         Laplace     0.177	     0.327	     0.107	     0.333	     0.111	    -0.040	    -0.014	     0.000	    -0.004	     0.000	    -3.296
         0.0998	           1.29	            1.3	       -167.575	       1248.435	          0.020	          0.924	          0.933	       -161.401	       1239.509	       Laplace         Laplace     0.100	     0.293	     0.086	     0.299	     0.090	     0.020	    -0.076	     0.006	    -0.067	     0.004	    -8.927
        -0.0428	           1.52	           1.53	       -183.899	       1271.750	          0.145	          1.067	          1.078	       -175.841	       1260.133	       Laplace         Laplace    -0.043	     0.522	     0.273	     0.530	     0.281	     0.145	     0.067	     0.005	     0.078	     0.006	   -11.617
        -0.0566	           1.33	           1.33	       -170.100	       1252.042	         -0.010	          0.949	          0.959	       -164.078	       1243.332	       Laplace         Laplace    -0.057	     0.326	     0.106	     0.333	     0.111	    -0.010	    -0.051	     0.003	    -0.041	     0.002	    -8.709
         0.0523	           1.29	            1.3	       -167.512	       1248.345	          0.065	          0.901	          0.910	       -158.911	       1235.952	       Laplace         Laplace     0.052	     0.292	     0.085	     0.298	     0.089	     0.065	    -0.099	     0.010	    -0.090	     0.008	   -12.393
       -0.00555	           1.58	           1.59	       -187.459	       1276.835	          0.052	          1.105	          1.116	       -179.306	       1265.082	       Laplace         Laplace    -0.006	     0.577	     0.333	     0.585	     0.342	     0.052	     0.105	     0.011	     0.116	     0.014	   -11.753
         0.0799	           1.41	           1.42	       -176.216	       1260.777	          0.046	          1.070	          1.080	       -176.041	       1260.419	       Laplace         Laplace     0.080	     0.409	     0.168	     0.417	     0.174	     0.046	     0.070	     0.005	     0.080	     0.006	    -0.358
         0.0346	            1.3	            1.3	       -167.840	       1248.813	          0.119	          0.885	          0.894	       -157.060	       1233.308	       Laplace         Laplace     0.035	     0.296	     0.088	     0.303	     0.092	     0.119	    -0.115	     0.013	    -0.106	     0.011	   -15.505
         -0.262	           1.28	           1.29	       -166.742	       1247.246	         -0.259	          0.961	          0.971	       -165.340	       1245.135	       Laplace         Laplace    -0.262	     0.282	     0.080	     0.289	     0.083	    -0.259	    -0.039	     0.002	    -0.029	     0.001	    -2.111
         0.0919	           1.41	           1.42	       -176.344	       1260.960	          0.075	          1.083	          1.094	       -177.318	       1262.242	        Normal          Normal     0.092	     0.411	     0.169	     0.418	     0.175	     0.075	     0.083	     0.007	     0.094	     0.009	     1.283
         -0.111	            1.4	           1.41	       -175.509	       1259.766	          0.053	          0.963	          0.972	       -165.506	       1245.372	       Laplace         Laplace    -0.111	     0.400	     0.160	     0.407	     0.165	     0.053	    -0.037	     0.001	    -0.028	     0.001	   -14.394
         0.0654	           1.28	           1.29	       -166.522	       1246.931	          0.066	          0.888	          0.897	       -157.433	       1233.842	       Laplace         Laplace     0.065	     0.279	     0.078	     0.286	     0.082	     0.066	    -0.112	     0.013	    -0.103	     0.011	   -13.089
         -0.114	           1.14	           1.15	       -155.212	       1230.778	         -0.056	          0.877	          0.886	       -156.198	       1232.078	        Normal          Normal    -0.114	     0.142	     0.020	     0.148	     0.022	    -0.056	    -0.123	     0.015	    -0.114	     0.013	     1.299
         -0.288	           1.37	           1.38	       -173.290	       1256.598	         -0.156	          0.950	          0.959	       -164.143	       1243.426	       Laplace         Laplace    -0.288	     0.369	     0.136	     0.376	     0.141	    -0.156	    -0.050	     0.003	    -0.041	     0.002	   -13.172
         -0.116	           1.56	           1.57	       -186.576	       1275.574	         -0.182	          1.177	          1.189	       -185.626	       1274.109	       Laplace         Laplace    -0.116	     0.563	     0.317	     0.571	     0.326	    -0.182	     0.177	     0.031	     0.189	     0.036	    -1.465
         0.0716	           1.15	           1.15	       -155.615	       1231.353	          0.121	          0.826	          0.834	       -150.214	       1223.532	       Laplace         Laplace     0.072	     0.147	     0.022	     0.153	     0.023	     0.121	    -0.174	     0.030	    -0.166	     0.027	    -7.822
         -0.185	           1.26	           1.26	       -164.870	       1244.571	         -0.122	          0.916	          0.925	       -160.487	       1238.204	       Laplace         Laplace    -0.185	     0.258	     0.067	     0.265	     0.070	    -0.122	    -0.084	     0.007	    -0.075	     0.006	    -6.367
         -0.132	           1.12	           1.13	       -153.207	       1227.913	         -0.124	          0.808	          0.816	       -147.945	       1220.290	       Laplace         Laplace    -0.132	     0.120	     0.014	     0.125	     0.016	    -0.124	    -0.192	     0.037	    -0.184	     0.034	    -7.623
