         0.0236	           1.09	            1.1	        -75.241	        616.179	         -0.040	          0.764	          0.779	        -71.185	        610.333	       Laplace         Laplace     0.024	     0.090	     0.008	     0.101	     0.010	    -0.040	    -0.236	     0.056	    -0.221	     0.049	    -5.846
          0.164	           1.53	           1.55	        -92.278	        640.267	          0.027	          1.117	          1.140	        -90.182	        637.191	       Laplace         Laplace     0.164	     0.532	     0.283	     0.548	     0.300	     0.027	     0.117	     0.014	     0.140	     0.019	    -3.076
         -0.269	           1.42	           1.43	        -88.399	        634.782	         -0.262	          1.141	          1.165	        -91.270	        638.730	        Normal          Normal    -0.269	     0.418	     0.174	     0.432	     0.187	    -0.262	     0.141	     0.020	     0.165	     0.027	     3.948
        -0.0388	           1.69	            1.7	        -97.075	        647.049	         -0.071	          1.127	          1.150	        -90.621	        637.813	       Laplace         Laplace    -0.039	     0.686	     0.471	     0.703	     0.495	    -0.071	     0.127	     0.016	     0.150	     0.022	    -9.237
          0.181	           1.56	           1.57	        -93.021	        641.318	          0.156	          1.131	          1.154	        -90.809	        638.078	       Laplace         Laplace     0.181	     0.555	     0.308	     0.571	     0.326	     0.156	     0.131	     0.017	     0.154	     0.024	    -3.240
         -0.147	           1.37	           1.38	        -86.577	        632.206	          0.048	          0.991	          1.011	        -84.215	        628.756	       Laplace         Laplace    -0.147	     0.367	     0.135	     0.381	     0.145	     0.048	    -0.009	     0.000	     0.011	     0.000	    -3.450
         -0.607	           1.37	           1.39	        -86.853	        632.597	         -0.300	          1.082	          1.104	        -88.582	        634.930	        Normal          Normal    -0.607	     0.375	     0.140	     0.389	     0.151	    -0.300	     0.082	     0.007	     0.104	     0.011	     2.333
          -0.19	           1.63	           1.65	        -95.528	        644.861	         -0.188	          1.076	          1.098	        -88.305	        634.538	       Laplace         Laplace    -0.190	     0.635	     0.403	     0.652	     0.425	    -0.188	     0.076	     0.006	     0.098	     0.010	   -10.323
        -0.0526	           1.51	           1.53	        -91.613	        639.326	          0.025	          1.096	          1.118	        -89.226	        635.840	       Laplace         Laplace    -0.053	     0.512	     0.262	     0.527	     0.278	     0.025	     0.096	     0.009	     0.118	     0.014	    -3.486
         -0.142	           1.56	           1.58	        -93.252	        641.644	         -0.023	          1.197	          1.222	        -93.660	        642.109	        Normal          Normal    -0.142	     0.562	     0.316	     0.578	     0.334	    -0.023	     0.197	     0.039	     0.222	     0.049	     0.465
        -0.0301	           1.11	           1.12	        -75.958	        617.193	         -0.032	          0.891	          0.909	        -78.900	        621.241	        Normal          Normal    -0.030	     0.105	     0.011	     0.117	     0.014	    -0.032	    -0.109	     0.012	    -0.091	     0.008	     4.049
         0.0055	           1.05	           1.06	        -73.503	        613.722	          0.011	          0.807	          0.823	        -73.922	        614.203	        Normal          Normal     0.005	     0.052	     0.003	     0.063	     0.004	     0.011	    -0.193	     0.037	    -0.177	     0.031	     0.481
         0.0888	           1.49	           1.51	        -91.004	        638.465	          0.205	          1.075	          1.097	        -88.262	        634.477	       Laplace         Laplace     0.089	     0.494	     0.244	     0.509	     0.259	     0.205	     0.075	     0.006	     0.097	     0.009	    -3.988
         0.0335	           1.14	           1.15	        -77.343	        619.150	          0.033	          0.786	          0.802	        -72.619	        612.360	       Laplace         Laplace     0.033	     0.136	     0.019	     0.148	     0.022	     0.033	    -0.214	     0.046	    -0.198	     0.039	    -6.790
         -0.201	           1.16	           1.17	        -78.344	        620.566	         -0.042	          0.868	          0.886	        -77.605	        619.409	       Laplace         Laplace    -0.201	     0.159	     0.025	     0.171	     0.029	    -0.042	    -0.132	     0.017	    -0.114	     0.013	    -1.157
         0.0896	           1.15	           1.16	        -77.887	        619.920	          0.046	          0.818	          0.835	        -74.630	        615.203	       Laplace         Laplace     0.090	     0.149	     0.022	     0.161	     0.026	     0.046	    -0.182	     0.033	    -0.165	     0.027	    -4.717
        -0.0767	           1.31	           1.32	        -84.266	        628.939	          0.018	          0.905	          0.923	        -79.643	        622.291	       Laplace         Laplace    -0.077	     0.305	     0.093	     0.318	     0.101	     0.018	    -0.095	     0.009	    -0.077	     0.006	    -6.648
        -0.0929	           1.15	           1.17	        -78.124	        620.256	         -0.096	          0.820	          0.837	        -74.721	        615.333	       Laplace         Laplace    -0.093	     0.154	     0.024	     0.166	     0.028	    -0.096	    -0.180	     0.032	    -0.163	     0.027	    -4.923
        -0.0587	           1.55	           1.57	        -93.012	        641.305	          0.122	          1.106	          1.129	        -89.698	        636.508	       Laplace         Laplace    -0.059	     0.555	     0.308	     0.571	     0.325	     0.122	     0.106	     0.011	     0.129	     0.017	    -4.797
          -0.12	            1.4	           1.41	        -87.755	        633.873	         -0.315	          1.016	          1.037	        -85.454	        630.507	       Laplace         Laplace    -0.120	     0.400	     0.160	     0.414	     0.171	    -0.315	     0.016	     0.000	     0.037	     0.001	    -3.366
         -0.308	           1.59	           1.61	        -94.158	        642.925	         -0.191	          1.011	          1.031	        -85.186	        630.127	       Laplace         Laplace    -0.308	     0.591	     0.349	     0.607	     0.368	    -0.191	     0.011	     0.000	     0.031	     0.001	   -12.798
        -0.0775	           1.54	           1.56	        -92.578	        640.690	          0.003	          1.109	          1.131	        -89.808	        636.663	       Laplace         Laplace    -0.077	     0.541	     0.293	     0.557	     0.310	     0.003	     0.109	     0.012	     0.131	     0.017	    -4.028
         -0.113	           1.24	           1.25	        -81.642	        625.229	         -0.011	          0.870	          0.888	        -77.698	        619.541	       Laplace         Laplace    -0.113	     0.239	     0.057	     0.251	     0.063	    -0.011	    -0.130	     0.017	    -0.112	     0.013	    -5.688
          0.345	           1.43	           1.45	        -88.888	        635.474	          0.197	          0.981	          1.001	        -83.684	        628.004	       Laplace         Laplace     0.345	     0.432	     0.186	     0.446	     0.199	     0.197	    -0.019	     0.000	     0.001	     0.000	    -7.470
          0.299	           1.71	           1.73	        -97.823	        648.106	          0.171	          1.228	          1.253	        -94.928	        643.902	       Laplace         Laplace     0.299	     0.712	     0.507	     0.729	     0.532	     0.171	     0.228	     0.052	     0.253	     0.064	    -4.204
          0.143	           1.11	           1.12	        -76.212	        617.552	          0.044	          0.776	          0.792	        -72.007	        611.495	       Laplace         Laplace     0.143	     0.111	     0.012	     0.122	     0.015	     0.044	    -0.224	     0.050	    -0.208	     0.043	    -6.057
       -0.00744	           1.46	           1.47	        -89.725	        636.657	         -0.001	          0.956	          0.976	        -82.416	        626.212	       Laplace         Laplace    -0.007	     0.456	     0.208	     0.471	     0.221	    -0.001	    -0.044	     0.002	    -0.024	     0.001	   -10.445
        -0.0969	           1.58	            1.6	        -93.919	        642.587	          0.032	          1.053	          1.074	        -87.219	        633.002	       Laplace         Laplace    -0.097	     0.583	     0.340	     0.599	     0.359	     0.032	     0.053	     0.003	     0.074	     0.005	    -9.586
          0.482	           1.19	            1.2	        -79.459	        622.143	          0.369	          0.832	          0.849	        -75.476	        616.399	       Laplace         Laplace     0.482	     0.186	     0.034	     0.198	     0.039	     0.369	    -0.168	     0.028	    -0.151	     0.023	    -5.744
         -0.213	           1.38	            1.4	        -87.211	        633.102	         -0.114	          0.981	          1.001	        -83.695	        628.020	       Laplace         Laplace    -0.213	     0.384	     0.148	     0.398	     0.159	    -0.114	    -0.019	     0.000	     0.001	     0.000	    -5.082
         0.0758	           1.57	           1.58	        -93.439	        641.908	          0.235	          1.035	          1.056	        -86.375	        631.810	       Laplace         Laplace     0.076	     0.568	     0.323	     0.584	     0.341	     0.235	     0.035	     0.001	     0.056	     0.003	   -10.098
        -0.0573	           1.36	           1.37	        -86.267	        631.768	         -0.022	          1.002	          1.022	        -84.734	        629.489	       Laplace         Laplace    -0.057	     0.359	     0.129	     0.372	     0.139	    -0.022	     0.002	     0.000	     0.022	     0.000	    -2.279
        -0.0102	           1.19	            1.2	        -79.741	        622.541	         -0.015	          0.902	          0.920	        -79.480	        622.061	       Laplace         Laplace    -0.010	     0.192	     0.037	     0.204	     0.042	    -0.015	    -0.098	     0.010	    -0.080	     0.006	    -0.480
          0.328	            1.2	           1.21	        -79.856	        622.703	          0.269	          0.936	          0.955	        -81.342	        624.693	        Normal          Normal     0.328	     0.195	     0.038	     0.207	     0.043	     0.269	    -0.064	     0.004	    -0.045	     0.002	     1.990
          0.248	           1.43	           1.44	        -88.707	        635.218	          0.145	          1.048	          1.069	        -86.989	        632.677	       Laplace         Laplace     0.248	     0.426	     0.182	     0.441	     0.194	     0.145	     0.048	     0.002	     0.069	     0.005	    -2.541
         -0.173	           1.37	           1.39	        -86.752	        632.454	         -0.066	          1.031	          1.052	        -86.197	        631.558	       Laplace         Laplace    -0.173	     0.372	     0.138	     0.386	     0.149	    -0.066	     0.031	     0.001	     0.052	     0.003	    -0.896
          0.321	           1.39	           1.41	        -87.455	        633.447	          0.027	          1.046	          1.067	        -86.903	        632.556	       Laplace         Laplace     0.321	     0.391	     0.153	     0.405	     0.164	     0.027	     0.046	     0.002	     0.067	     0.005	    -0.891
          0.035	           1.33	           1.34	        -85.076	        630.084	         -0.068	          0.978	          0.998	        -83.555	        627.823	       Laplace         Laplace     0.035	     0.327	     0.107	     0.340	     0.116	    -0.068	    -0.022	     0.000	    -0.002	     0.000	    -2.261
          0.279	           1.64	           1.65	        -95.575	        644.928	          0.156	          1.117	          1.140	        -90.202	        637.220	       Laplace         Laplace     0.279	     0.636	     0.405	     0.653	     0.427	     0.156	     0.117	     0.014	     0.140	     0.020	    -7.708
         -0.124	           1.13	           1.14	        -77.063	        618.754	         -0.055	          0.862	          0.880	        -77.257	        618.917	        Normal          Normal    -0.124	     0.130	     0.017	     0.142	     0.020	    -0.055	    -0.138	     0.019	    -0.120	     0.014	     0.163
        -0.0942	           1.45	           1.47	        -89.693	        636.612	         -0.101	          0.983	          1.003	        -83.786	        628.148	       Laplace         Laplace    -0.094	     0.455	     0.207	     0.470	     0.221	    -0.101	    -0.017	     0.000	     0.003	     0.000	    -8.463
          0.517	           1.23	           1.24	        -81.104	        624.468	          0.413	          0.877	          0.895	        -78.077	        620.077	       Laplace         Laplace     0.517	     0.225	     0.051	     0.238	     0.056	     0.413	    -0.123	     0.015	    -0.105	     0.011	    -4.391
         -0.354	           1.54	           1.55	        -92.375	        640.404	         -0.152	          1.027	          1.048	        -86.000	        631.279	       Laplace         Laplace    -0.354	     0.535	     0.286	     0.551	     0.303	    -0.152	     0.027	     0.001	     0.048	     0.002	    -9.125
        0.00316	           1.54	           1.55	        -92.513	        640.600	         -0.094	          1.068	          1.089	        -87.930	        634.008	       Laplace         Laplace     0.003	     0.539	     0.291	     0.555	     0.308	    -0.094	     0.068	     0.005	     0.089	     0.008	    -6.592
         0.0875	           1.03	           1.04	        -72.286	        612.002	          0.157	          0.819	          0.836	        -74.677	        615.271	        Normal          Normal     0.088	     0.027	     0.001	     0.038	     0.001	     0.157	    -0.181	     0.033	    -0.164	     0.027	     3.269
        -0.0536	            1.5	           1.51	        -91.057	        638.541	          0.011	          0.965	          0.984	        -82.852	        626.828	       Laplace         Laplace    -0.054	     0.495	     0.245	     0.510	     0.260	     0.011	    -0.035	     0.001	    -0.016	     0.000	   -11.712
          0.264	           1.52	           1.54	        -91.897	        639.728	          0.086	          1.055	          1.077	        -87.348	        633.184	       Laplace         Laplace     0.264	     0.520	     0.271	     0.536	     0.287	     0.086	     0.055	     0.003	     0.077	     0.006	    -6.544
           0.45	           1.46	           1.47	        -89.796	        636.758	          0.317	          1.076	          1.098	        -88.320	        634.559	       Laplace         Laplace     0.450	     0.458	     0.210	     0.473	     0.223	     0.317	     0.076	     0.006	     0.098	     0.010	    -2.199
          -0.17	           1.63	           1.64	        -95.232	        644.444	         -0.002	          1.107	          1.129	        -89.735	        636.559	       Laplace         Laplace    -0.170	     0.625	     0.391	     0.642	     0.412	    -0.002	     0.107	     0.011	     0.129	     0.017	    -7.885
       -0.00704	           1.75	           1.77	        -99.035	        649.820	         -0.145	          1.191	          1.216	        -93.417	        641.766	       Laplace         Laplace    -0.007	     0.754	     0.568	     0.772	     0.595	    -0.145	     0.191	     0.037	     0.216	     0.047	    -8.054
          0.258	           1.26	           1.27	        -82.451	        626.373	          0.196	          0.952	          0.971	        -82.183	        625.883	       Laplace         Laplace     0.258	     0.259	     0.067	     0.271	     0.074	     0.196	    -0.048	     0.002	    -0.029	     0.001	    -0.491
        0.00384	            1.5	           1.52	        -91.357	        638.964	         -0.160	          1.025	          1.046	        -85.913	        631.157	       Laplace         Laplace     0.004	     0.504	     0.254	     0.519	     0.270	    -0.160	     0.025	     0.001	     0.046	     0.002	    -7.807
         -0.174	            1.1	           1.11	        -75.814	        616.989	         -0.060	          0.808	          0.824	        -73.975	        614.278	       Laplace         Laplace    -0.174	     0.102	     0.010	     0.113	     0.013	    -0.060	    -0.192	     0.037	    -0.176	     0.031	    -2.711
         0.0692	           1.35	           1.36	        -85.919	        631.276	         -0.043	          1.028	          1.049	        -86.020	        631.307	        Normal          Normal     0.069	     0.349	     0.122	     0.363	     0.132	    -0.043	     0.028	     0.001	     0.049	     0.002	     0.031
          0.163	           1.14	           1.15	        -77.290	        619.076	         -0.003	          0.818	          0.835	        -74.625	        615.196	       Laplace         Laplace     0.163	     0.135	     0.018	     0.147	     0.022	    -0.003	    -0.182	     0.033	    -0.165	     0.027	    -3.879
          0.059	           1.33	           1.34	        -85.029	        630.018	         -0.003	          0.911	          0.929	        -79.975	        622.760	       Laplace         Laplace     0.059	     0.325	     0.106	     0.339	     0.115	    -0.003	    -0.089	     0.008	    -0.071	     0.005	    -7.258
         -0.272	           1.82	           1.84	       -100.877	        652.424	         -0.271	          1.340	          1.367	        -99.292	        650.072	       Laplace         Laplace    -0.272	     0.820	     0.672	     0.838	     0.702	    -0.271	     0.340	     0.116	     0.367	     0.135	    -2.352
         -0.185	           1.55	           1.57	        -92.864	        641.095	         -0.216	          1.075	          1.097	        -88.264	        634.480	       Laplace         Laplace    -0.185	     0.550	     0.303	     0.566	     0.320	    -0.216	     0.075	     0.006	     0.097	     0.009	    -6.615
          0.218	           1.53	           1.55	        -92.277	        640.265	          0.033	          1.015	          1.035	        -85.387	        630.412	       Laplace         Laplace     0.218	     0.532	     0.283	     0.548	     0.300	     0.033	     0.015	     0.000	     0.035	     0.001	    -9.853
         -0.178	           1.37	           1.39	        -86.809	        632.535	         -0.013	          0.966	          0.986	        -82.932	        626.941	       Laplace         Laplace    -0.178	     0.373	     0.139	     0.387	     0.150	    -0.013	    -0.034	     0.001	    -0.014	     0.000	    -5.594
          0.206	           1.63	           1.64	        -95.248	        644.466	          0.073	          1.079	          1.101	        -88.448	        634.740	       Laplace         Laplace     0.206	     0.626	     0.392	     0.642	     0.413	     0.073	     0.079	     0.006	     0.101	     0.010	    -9.726
         -0.246	           1.33	           1.34	        -85.092	        630.107	          0.032	          0.975	          0.995	        -83.401	        627.604	       Laplace         Laplace    -0.246	     0.327	     0.107	     0.340	     0.116	     0.032	    -0.025	     0.001	    -0.005	     0.000	    -2.503
           0.16	           1.23	           1.24	        -81.218	        624.630	          0.158	          0.913	          0.931	        -80.088	        622.920	       Laplace         Laplace     0.160	     0.228	     0.052	     0.241	     0.058	     0.158	    -0.087	     0.008	    -0.069	     0.005	    -1.710
          0.061	           1.44	           1.46	        -89.214	        635.934	          0.188	          1.017	          1.037	        -85.481	        630.545	       Laplace         Laplace     0.061	     0.441	     0.194	     0.456	     0.208	     0.188	     0.017	     0.000	     0.037	     0.001	    -5.390
        -0.0348	           1.56	           1.57	        -93.079	        641.400	          0.150	          1.177	          1.201	        -92.822	        640.924	       Laplace         Laplace    -0.035	     0.557	     0.310	     0.573	     0.328	     0.150	     0.177	     0.031	     0.201	     0.041	    -0.475
        -0.0503	           1.45	           1.47	        -89.630	        636.523	          0.024	          0.922	          0.941	        -80.607	        623.654	       Laplace         Laplace    -0.050	     0.453	     0.205	     0.468	     0.219	     0.024	    -0.078	     0.006	    -0.059	     0.003	   -12.869
          -0.25	           1.16	           1.17	        -78.379	        620.615	         -0.057	          0.842	          0.859	        -76.040	        617.197	       Laplace         Laplace    -0.250	     0.160	     0.026	     0.172	     0.030	    -0.057	    -0.158	     0.025	    -0.141	     0.020	    -3.419
          0.188	           1.11	           1.12	        -75.941	        617.169	          0.163	          0.789	          0.805	        -72.785	        612.595	       Laplace         Laplace     0.188	     0.105	     0.011	     0.116	     0.014	     0.163	    -0.211	     0.045	    -0.195	     0.038	    -4.574
         -0.252	           1.75	           1.76	        -98.793	        649.477	         -0.160	          1.152	          1.175	        -91.716	        639.360	       Laplace         Laplace    -0.252	     0.745	     0.555	     0.763	     0.582	    -0.160	     0.152	     0.023	     0.175	     0.031	   -10.117
        -0.0265	           1.32	           1.33	        -84.662	        629.498	          0.131	          1.065	          1.086	        -87.792	        633.813	        Normal          Normal    -0.027	     0.316	     0.100	     0.329	     0.108	     0.131	     0.065	     0.004	     0.086	     0.007	     4.314
          0.143	           1.42	           1.44	        -88.540	        634.981	         -0.014	          1.004	          1.025	        -84.881	        629.697	       Laplace         Laplace     0.143	     0.422	     0.178	     0.436	     0.190	    -0.014	     0.004	     0.000	     0.025	     0.001	    -5.285
          0.121	           1.24	           1.25	        -81.506	        625.037	          0.138	          0.922	          0.941	        -80.593	        623.634	       Laplace         Laplace     0.121	     0.235	     0.055	     0.248	     0.061	     0.138	    -0.078	     0.006	    -0.059	     0.004	    -1.404
         -0.262	           1.19	            1.2	        -79.697	        622.479	         -0.119	          0.880	          0.898	        -78.283	        620.368	       Laplace         Laplace    -0.262	     0.191	     0.037	     0.203	     0.041	    -0.119	    -0.120	     0.014	    -0.102	     0.010	    -2.111
          0.193	           1.53	           1.55	        -92.213	        640.175	          0.185	          1.115	          1.138	        -90.117	        637.100	       Laplace         Laplace     0.193	     0.530	     0.281	     0.546	     0.298	     0.185	     0.115	     0.013	     0.138	     0.019	    -3.075
         0.0832	            1.3	           1.31	        -84.084	        628.682	          0.118	          0.937	          0.956	        -81.381	        624.749	       Laplace         Laplace     0.083	     0.300	     0.090	     0.314	     0.098	     0.118	    -0.063	     0.004	    -0.044	     0.002	    -3.933
          0.222	           1.55	           1.57	        -92.985	        641.266	         -0.061	          1.088	          1.111	        -88.891	        635.366	       Laplace         Laplace     0.222	     0.554	     0.307	     0.570	     0.325	    -0.061	     0.088	     0.008	     0.111	     0.012	    -5.899
           -0.2	           1.26	           1.27	        -82.330	        626.202	         -0.031	          0.948	          0.967	        -81.979	        625.594	       Laplace         Laplace    -0.200	     0.256	     0.065	     0.268	     0.072	    -0.031	    -0.052	     0.003	    -0.033	     0.001	    -0.608
         0.0262	           1.26	           1.27	        -82.412	        626.317	         -0.052	          0.904	          0.923	        -79.614	        622.251	       Laplace         Laplace     0.026	     0.258	     0.066	     0.270	     0.073	    -0.052	    -0.096	     0.009	    -0.077	     0.006	    -4.067
         -0.163	           1.11	           1.13	        -76.373	        617.780	          0.014	          0.777	          0.793	        -72.058	        611.568	       Laplace         Laplace    -0.163	     0.115	     0.013	     0.126	     0.016	     0.014	    -0.223	     0.050	    -0.207	     0.043	    -6.212
          0.221	           1.29	           1.31	        -83.861	        628.366	          0.067	          0.945	          0.964	        -81.815	        625.362	       Laplace         Laplace     0.221	     0.295	     0.087	     0.308	     0.095	     0.067	    -0.055	     0.003	    -0.036	     0.001	    -3.004
         0.0135	           1.43	           1.45	        -88.970	        635.590	         -0.170	          1.043	          1.064	        -86.745	        632.333	       Laplace         Laplace     0.014	     0.434	     0.188	     0.449	     0.201	    -0.170	     0.043	     0.002	     0.064	     0.004	    -3.258
          0.197	           1.28	           1.29	        -83.163	        627.380	          0.044	          0.947	          0.966	        -81.918	        625.507	       Laplace         Laplace     0.197	     0.277	     0.077	     0.290	     0.084	     0.044	    -0.053	     0.003	    -0.034	     0.001	    -1.872
          0.142	           1.12	           1.13	        -76.681	        618.215	          0.120	          0.798	          0.814	        -73.374	        613.427	       Laplace         Laplace     0.142	     0.122	     0.015	     0.133	     0.018	     0.120	    -0.202	     0.041	    -0.186	     0.034	    -4.788
         0.0479	           1.31	           1.32	        -84.291	        628.974	          0.141	          0.964	          0.984	        -82.819	        626.782	       Laplace         Laplace     0.048	     0.306	     0.094	     0.319	     0.102	     0.141	    -0.036	     0.001	    -0.016	     0.000	    -2.193
          0.272	           1.94	           1.96	       -104.050	        656.910	         -0.037	          1.330	          1.357	        -98.904	        649.524	       Laplace         Laplace     0.272	     0.939	     0.881	     0.958	     0.919	    -0.037	     0.330	     0.109	     0.357	     0.127	    -7.386
         0.0205	           1.58	            1.6	        -93.888	        642.543	         -0.100	          1.054	          1.076	        -87.288	        633.100	       Laplace         Laplace     0.020	     0.582	     0.339	     0.598	     0.358	    -0.100	     0.054	     0.003	     0.076	     0.006	    -9.443
         -0.189	           1.04	           1.05	        -72.863	        612.817	         -0.080	          0.711	          0.725	        -67.571	        605.223	       Laplace         Laplace    -0.189	     0.039	     0.002	     0.050	     0.002	    -0.080	    -0.289	     0.084	    -0.275	     0.076	    -7.594
         -0.197	           1.42	           1.44	        -88.583	        635.043	         -0.160	          1.074	          1.096	        -88.243	        634.450	       Laplace         Laplace    -0.197	     0.423	     0.179	     0.437	     0.191	    -0.160	     0.074	     0.006	     0.096	     0.009	    -0.593
        -0.0322	            1.4	           1.42	        -87.840	        633.993	         -0.024	          0.887	          0.905	        -78.648	        620.885	       Laplace         Laplace    -0.032	     0.402	     0.162	     0.416	     0.173	    -0.024	    -0.113	     0.013	    -0.095	     0.009	   -13.108
          0.196	           1.36	           1.37	        -86.344	        631.877	          0.069	          0.966	          0.986	        -82.953	        626.970	       Laplace         Laplace     0.196	     0.361	     0.130	     0.374	     0.140	     0.069	    -0.034	     0.001	    -0.014	     0.000	    -4.906
          0.114	           1.41	           1.42	        -88.047	        634.284	         -0.138	          0.990	          1.010	        -84.144	        628.655	       Laplace         Laplace     0.114	     0.408	     0.166	     0.422	     0.178	    -0.138	    -0.010	     0.000	     0.010	     0.000	    -5.630
          0.257	           1.44	           1.46	        -89.303	        636.060	          0.166	          1.018	          1.039	        -85.551	        630.645	       Laplace         Laplace     0.257	     0.444	     0.197	     0.458	     0.210	     0.166	     0.018	     0.000	     0.039	     0.002	    -5.415
        -0.0952	           1.59	           1.61	        -94.178	        642.953	         -0.128	          1.087	          1.110	        -88.847	        635.304	       Laplace         Laplace    -0.095	     0.591	     0.350	     0.608	     0.369	    -0.128	     0.087	     0.008	     0.110	     0.012	    -7.649
        -0.0298	           1.32	           1.33	        -84.706	        629.561	          0.037	          0.874	          0.892	        -77.940	        619.883	       Laplace         Laplace    -0.030	     0.317	     0.100	     0.330	     0.109	     0.037	    -0.126	     0.016	    -0.108	     0.012	    -9.679
        -0.0935	           1.22	           1.23	        -80.982	        624.296	         -0.224	          0.977	          0.997	        -83.496	        627.739	        Normal          Normal    -0.094	     0.222	     0.049	     0.235	     0.055	    -0.224	    -0.023	     0.001	    -0.003	     0.000	     3.443
         -0.106	           1.45	           1.46	        -89.380	        636.170	         -0.044	          1.059	          1.081	        -87.539	        633.454	       Laplace         Laplace    -0.106	     0.446	     0.199	     0.460	     0.212	    -0.044	     0.059	     0.004	     0.081	     0.007	    -2.715
          0.546	            1.5	           1.52	        -91.233	        638.790	          0.329	          1.156	          1.180	        -91.925	        639.656	        Normal          Normal     0.546	     0.500	     0.250	     0.516	     0.266	     0.329	     0.156	     0.024	     0.180	     0.032	     0.866
         -0.173	           1.27	           1.28	        -82.896	        627.003	         -0.019	          0.999	          1.019	        -84.604	        629.306	        Normal          Normal    -0.173	     0.270	     0.073	     0.283	     0.080	    -0.019	    -0.001	     0.000	     0.019	     0.000	     2.303
          0.122	           1.47	           1.49	        -90.377	        637.579	          0.120	          1.066	          1.088	        -87.869	        633.921	       Laplace         Laplace     0.122	     0.475	     0.226	     0.490	     0.240	     0.120	     0.066	     0.004	     0.088	     0.008	    -3.658
         -0.153	           1.36	           1.38	        -86.426	        631.993	         -0.107	          0.956	          0.975	        -82.384	        626.167	       Laplace         Laplace    -0.153	     0.363	     0.132	     0.377	     0.142	    -0.107	    -0.044	     0.002	    -0.025	     0.001	    -5.826
