          -2.61	           2.54	           3.59	         -4.701	         29.976	         -2.615	          2.539	          5.078	         -5.250	         30.046	        Normal          Normal    -2.615	     1.539	     2.369	     2.591	     6.712	    -2.615	     1.539	     2.369	     4.078	    16.630	     0.070
          0.689	          0.872	           1.23	         -2.564	         28.434	          0.689	          0.872	          1.744	         -3.112	         28.504	        Normal          Normal     0.689	    -0.128	     0.016	     0.233	     0.054	     0.689	    -0.128	     0.016	     0.744	     0.554	     0.070
         -0.553	           1.68	           2.38	         -3.876	         29.381	         -0.553	          1.680	          3.361	         -4.424	         29.451	        Normal          Normal    -0.553	     0.680	     0.463	     1.377	     1.895	    -0.553	     0.680	     0.463	     2.361	     5.574	     0.070
          -0.57	         0.0265	         0.0375	          4.423	         23.394	         -0.570	          0.026	          0.053	          3.875	         23.464	        Normal          Normal    -0.570	    -0.974	     0.948	    -0.963	     0.926	    -0.570	    -0.974	     0.948	    -0.947	     0.897	     0.070
          0.271	          0.294	          0.416	         -0.390	         26.866	          0.271	          0.294	          0.588	         -0.938	         26.936	        Normal          Normal     0.271	    -0.706	     0.498	    -0.584	     0.341	     0.271	    -0.706	     0.498	    -0.412	     0.170	     0.070
          -1.93	           1.19	           1.68	         -3.186	         28.883	         -1.925	          1.190	          2.380	         -3.734	         28.953	        Normal          Normal    -1.925	     0.190	     0.036	     0.683	     0.466	    -1.925	     0.190	     0.036	     1.380	     1.904	     0.070
         -0.497	          0.264	          0.374	         -0.178	         26.713	         -0.497	          0.264	          0.529	         -0.726	         26.783	        Normal          Normal    -0.497	    -0.736	     0.541	    -0.626	     0.392	    -0.497	    -0.736	     0.541	    -0.471	     0.222	     0.070
         -0.866	          0.265	          0.375	         -0.182	         26.716	         -0.866	          0.265	          0.530	         -0.730	         26.786	        Normal          Normal    -0.866	    -0.735	     0.540	    -0.625	     0.391	    -0.866	    -0.735	     0.540	    -0.470	     0.221	     0.070
         -0.416	          0.379	          0.535	         -0.895	         27.230	         -0.416	          0.379	          0.757	         -1.443	         27.300	        Normal          Normal    -0.416	    -0.621	     0.386	    -0.465	     0.216	    -0.416	    -0.621	     0.386	    -0.243	     0.059	     0.070
         -0.292	          0.395	          0.558	         -0.978	         27.290	         -0.292	          0.395	          0.789	         -1.526	         27.360	        Normal          Normal    -0.292	    -0.605	     0.367	    -0.442	     0.195	    -0.292	    -0.605	     0.367	    -0.211	     0.045	     0.070
           1.01	          0.722	           1.02	         -2.185	         28.161	          1.012	          0.722	          1.443	         -2.733	         28.231	        Normal          Normal     1.012	    -0.278	     0.078	     0.020	     0.000	     1.012	    -0.278	     0.078	     0.443	     0.196	     0.070
           1.07	          0.422	          0.598	         -1.115	         27.389	          1.071	          0.422	          0.845	         -1.663	         27.459	        Normal          Normal     1.071	    -0.578	     0.334	    -0.402	     0.162	     1.071	    -0.578	     0.334	    -0.155	     0.024	     0.070
          -0.72	           1.35	           1.91	         -3.436	         29.063	         -0.720	          1.349	          2.697	         -3.984	         29.133	        Normal          Normal    -0.720	     0.349	     0.121	     0.907	     0.823	    -0.720	     0.349	     0.121	     1.697	     2.880	     0.070
         -0.311	          0.303	          0.429	         -0.453	         26.912	         -0.311	          0.303	          0.607	         -1.002	         26.981	        Normal          Normal    -0.311	    -0.697	     0.485	    -0.571	     0.326	    -0.311	    -0.697	     0.485	    -0.393	     0.154	     0.070
          -2.01	           1.02	           1.45	         -2.886	         28.667	         -2.013	          1.024	          2.049	         -3.435	         28.737	        Normal          Normal    -2.013	     0.024	     0.001	     0.449	     0.201	    -2.013	     0.024	     0.001	     1.049	     1.100	     0.070
          0.316	           1.24	           1.75	         -3.269	         28.943	          0.316	          1.240	          2.481	         -3.817	         29.013	        Normal          Normal     0.316	     0.240	     0.058	     0.754	     0.569	     0.316	     0.240	     0.058	     1.481	     2.193	     0.070
         -0.839	           1.38	           1.94	         -3.475	         29.091	         -0.839	          1.375	          2.750	         -4.023	         29.161	        Normal          Normal    -0.839	     0.375	     0.141	     0.945	     0.892	    -0.839	     0.375	     0.141	     1.750	     3.062	     0.070
         -0.938	           1.62	            2.3	         -3.806	         29.330	         -0.938	          1.623	          3.246	         -4.355	         29.400	        Normal          Normal    -0.938	     0.623	     0.388	     1.295	     1.678	    -0.938	     0.623	     0.388	     2.246	     5.045	     0.070
          -1.09	          0.571	          0.807	         -1.715	         27.822	         -1.086	          0.571	          1.141	         -2.264	         27.892	        Normal          Normal    -1.086	    -0.429	     0.184	    -0.193	     0.037	    -1.086	    -0.429	     0.184	     0.141	     0.020	     0.070
         -0.423	           0.41	          0.581	         -1.057	         27.347	         -0.423	          0.410	          0.821	         -1.606	         27.417	        Normal          Normal    -0.423	    -0.590	     0.348	    -0.419	     0.176	    -0.423	    -0.590	     0.348	    -0.179	     0.032	     0.070
         -0.562	          0.783	           1.11	         -2.350	         28.280	         -0.562	          0.784	          1.567	         -2.898	         28.350	        Normal          Normal    -0.562	    -0.217	     0.047	     0.108	     0.012	    -0.562	    -0.216	     0.047	     0.567	     0.321	     0.070
            2.2	            1.4	           1.98	         -3.515	         29.120	          2.196	          1.403	          2.806	         -4.064	         29.190	        Normal          Normal     2.196	     0.403	     0.162	     0.984	     0.969	     2.196	     0.403	     0.162	     1.806	     3.262	     0.070
           1.02	           1.38	           1.95	         -3.480	         29.095	          1.016	          1.378	          2.757	         -4.028	         29.165	        Normal          Normal     1.016	     0.379	     0.143	     0.949	     0.902	     1.016	     0.378	     0.143	     1.757	     3.087	     0.070
          -1.35	          0.124	          0.176	          1.329	         25.626	         -1.348	          0.124	          0.249	          0.781	         25.696	        Normal          Normal    -1.348	    -0.876	     0.767	    -0.824	     0.679	    -1.348	    -0.876	     0.767	    -0.751	     0.564	     0.070
         -0.045	          0.795	           1.12	         -2.379	         28.301	         -0.045	          0.795	          1.590	         -2.927	         28.371	        Normal          Normal    -0.045	    -0.205	     0.042	     0.124	     0.015	    -0.045	    -0.205	     0.042	     0.590	     0.348	     0.070
          0.404	          0.406	          0.574	         -1.035	         27.331	          0.404	          0.406	          0.812	         -1.583	         27.401	        Normal          Normal     0.404	    -0.594	     0.353	    -0.426	     0.181	     0.404	    -0.594	     0.353	    -0.188	     0.035	     0.070
         -0.205	          0.119	          0.168	          1.428	         25.555	         -0.205	          0.118	          0.237	          0.879	         25.625	        Normal          Normal    -0.205	    -0.881	     0.777	    -0.832	     0.693	    -0.205	    -0.881	     0.777	    -0.763	     0.582	     0.070
         -0.196	          0.921	            1.3	         -2.672	         28.512	         -0.196	          0.921	          1.841	         -3.221	         28.582	        Normal          Normal    -0.196	    -0.079	     0.006	     0.302	     0.091	    -0.196	    -0.079	     0.006	     0.841	     0.707	     0.070
         -0.605	           1.46	           2.06	         -3.595	         29.178	         -0.605	          1.460	          2.920	         -4.143	         29.248	        Normal          Normal    -0.605	     0.460	     0.212	     1.065	     1.134	    -0.605	     0.460	     0.212	     1.920	     3.686	     0.070
           1.77	          0.391	          0.552	         -0.957	         27.275	          1.769	          0.391	          0.781	         -1.506	         27.345	        Normal          Normal     1.769	    -0.609	     0.371	    -0.448	     0.200	     1.769	    -0.609	     0.371	    -0.219	     0.048	     0.070
           1.84	           0.63	          0.891	         -1.914	         27.965	          1.838	          0.630	          1.260	         -2.462	         28.035	        Normal          Normal     1.838	    -0.370	     0.137	    -0.109	     0.012	     1.838	    -0.370	     0.137	     0.260	     0.068	     0.070
          -1.76	            1.5	           2.13	         -3.653	         29.220	         -1.757	          1.504	          3.007	         -4.202	         29.290	        Normal          Normal    -1.757	     0.504	     0.254	     1.126	     1.268	    -1.757	     0.504	     0.254	     2.007	     4.028	     0.070
           1.35	          0.536	          0.757	         -1.589	         27.731	          1.349	          0.536	          1.071	         -2.137	         27.801	        Normal          Normal     1.349	    -0.464	     0.216	    -0.243	     0.059	     1.349	    -0.464	     0.216	     0.071	     0.005	     0.070
           1.23	           2.25	           3.19	         -4.463	         29.804	          1.232	          2.253	          4.507	         -5.011	         29.874	        Normal          Normal     1.232	     1.253	     1.571	     2.187	     4.783	     1.232	     1.253	     1.571	     3.507	    12.299	     0.070
          0.425	          0.275	          0.388	         -0.252	         26.767	          0.425	          0.275	          0.549	         -0.801	         26.837	        Normal          Normal     0.425	    -0.725	     0.526	    -0.612	     0.374	     0.425	    -0.725	     0.526	    -0.451	     0.203	     0.070
          0.248	          0.223	          0.315	          0.163	         26.467	          0.248	          0.223	          0.446	         -0.385	         26.537	        Normal          Normal     0.248	    -0.777	     0.604	    -0.685	     0.469	     0.248	    -0.777	     0.604	    -0.554	     0.307	     0.070
          0.443	           1.63	            2.3	         -3.813	         29.335	          0.443	          1.629	          3.257	         -4.362	         29.405	        Normal          Normal     0.443	     0.629	     0.395	     1.303	     1.698	     0.443	     0.629	     0.395	     2.257	     5.094	     0.070
          -1.16	          0.054	         0.0764	          3.000	         24.421	         -1.159	          0.054	          0.108	          2.451	         24.491	        Normal          Normal    -1.159	    -0.946	     0.895	    -0.924	     0.853	    -1.159	    -0.946	     0.895	    -0.892	     0.796	     0.070
          0.127	          0.001	        0.00141	         10.978	         18.666	          0.127	          0.001	          0.002	         10.429	         18.736	        Normal          Normal     0.127	    -0.999	     0.998	    -0.999	     0.997	     0.127	    -0.999	     0.998	    -0.998	     0.996	     0.070
          -1.68	          0.202	          0.285	          0.366	         26.321	         -1.675	          0.202	          0.403	         -0.182	         26.391	        Normal          Normal    -1.675	    -0.798	     0.638	    -0.715	     0.511	    -1.675	    -0.798	     0.638	    -0.597	     0.356	     0.070
          0.615	          0.374	          0.529	         -0.871	         27.213	          0.615	          0.374	          0.748	         -1.419	         27.283	        Normal          Normal     0.615	    -0.626	     0.392	    -0.471	     0.222	     0.615	    -0.626	     0.392	    -0.252	     0.064	     0.070
         -0.009	          0.169	          0.239	          0.718	         26.067	         -0.009	          0.169	          0.338	          0.169	         26.137	        Normal          Normal    -0.009	    -0.831	     0.691	    -0.761	     0.579	    -0.009	    -0.831	     0.691	    -0.662	     0.438	     0.070
          -1.99	           0.01	         0.0141	          6.372	         21.988	         -1.992	          0.010	          0.020	          5.824	         22.058	        Normal          Normal    -1.992	    -0.990	     0.980	    -0.986	     0.972	    -1.992	    -0.990	     0.980	    -0.980	     0.960	     0.070
         -0.237	          0.189	          0.267	          0.499	         26.224	         -0.237	          0.189	          0.377	         -0.049	         26.294	        Normal          Normal    -0.237	    -0.811	     0.659	    -0.733	     0.538	    -0.237	    -0.811	     0.659	    -0.623	     0.388	     0.070
          0.492	          0.783	           1.11	         -2.349	         28.279	          0.492	          0.783	          1.566	         -2.897	         28.349	        Normal          Normal     0.492	    -0.217	     0.047	     0.107	     0.012	     0.492	    -0.217	     0.047	     0.566	     0.320	     0.070
          -1.66	          0.814	           1.15	         -2.426	         28.335	         -1.659	          0.814	          1.628	         -2.975	         28.405	        Normal          Normal    -1.659	    -0.186	     0.035	     0.151	     0.023	    -1.659	    -0.186	     0.035	     0.628	     0.394	     0.070
         -0.108	          0.195	          0.275	          0.437	         26.270	         -0.108	          0.195	          0.389	         -0.112	         26.340	        Normal          Normal    -0.108	    -0.805	     0.649	    -0.725	     0.526	    -0.108	    -0.805	     0.649	    -0.611	     0.373	     0.070
           1.67	           1.61	           2.27	         -3.785	         29.315	          1.671	          1.606	          3.211	         -4.333	         29.385	        Normal          Normal     1.671	     0.606	     0.367	     1.271	     1.614	     1.671	     0.606	     0.367	     2.211	     4.889	     0.070
          -0.16	          0.471	          0.666	         -1.332	         27.546	         -0.160	          0.471	          0.942	         -1.880	         27.615	        Normal          Normal    -0.160	    -0.529	     0.280	    -0.334	     0.111	    -0.160	    -0.529	     0.280	    -0.058	     0.003	     0.070
          0.572	          0.131	          0.185	          1.227	         25.699	          0.572	          0.131	          0.262	          0.679	         25.769	        Normal          Normal     0.572	    -0.869	     0.755	    -0.815	     0.664	     0.572	    -0.869	     0.755	    -0.738	     0.545	     0.070
          0.753	          0.195	          0.276	          0.432	         26.273	          0.753	          0.195	          0.390	         -0.117	         26.343	        Normal          Normal     0.753	    -0.805	     0.648	    -0.724	     0.525	     0.753	    -0.805	     0.648	    -0.610	     0.372	     0.070
              0	           0.52	          0.735	         -1.530	         27.688	          0.000	          0.520	          1.040	         -2.078	         27.758	        Normal          Normal     0.000	    -0.480	     0.230	    -0.265	     0.070	     0.000	    -0.480	     0.230	     0.040	     0.002	     0.070
           1.52	          0.653	          0.924	         -1.987	         28.018	          1.524	          0.653	          1.307	         -2.535	         28.088	        Normal          Normal     1.524	    -0.347	     0.120	    -0.076	     0.006	     1.524	    -0.347	     0.120	     0.307	     0.094	     0.070
          0.233	          0.123	          0.175	          1.345	         25.614	          0.233	          0.123	          0.247	          0.797	         25.684	        Normal          Normal     0.233	    -0.877	     0.768	    -0.825	     0.681	     0.233	    -0.877	     0.768	    -0.753	     0.567	     0.070
          -0.52	           1.12	           1.58	         -3.062	         28.793	         -0.520	          1.119	          2.237	         -3.610	         28.863	        Normal          Normal    -0.520	     0.119	     0.014	     0.582	     0.338	    -0.520	     0.119	     0.014	     1.237	     1.530	     0.070
         -0.244	           1.01	           1.43	         -2.866	         28.652	         -0.244	          1.014	          2.028	         -3.414	         28.722	        Normal          Normal    -0.244	     0.014	     0.000	     0.434	     0.188	    -0.244	     0.014	     0.000	     1.028	     1.057	     0.070
           1.11	           1.34	            1.9	         -3.430	         29.059	          1.112	          1.345	          2.689	         -3.978	         29.129	        Normal          Normal     1.112	     0.344	     0.119	     0.901	     0.813	     1.112	     0.345	     0.119	     1.689	     2.853	     0.070
         -0.455	          0.409	          0.579	         -1.052	         27.344	         -0.455	          0.409	          0.819	         -1.601	         27.414	        Normal          Normal    -0.455	    -0.591	     0.349	    -0.421	     0.177	    -0.455	    -0.591	     0.349	    -0.181	     0.033	     0.070
           0.54	           0.97	           1.37	         -2.777	         28.588	          0.540	          0.970	          1.940	         -3.325	         28.658	        Normal          Normal     0.540	    -0.030	     0.001	     0.372	     0.138	     0.540	    -0.030	     0.001	     0.940	     0.884	     0.070
         -0.312	           0.21	          0.296	          0.288	         26.377	         -0.312	          0.210	          0.419	         -0.260	         26.447	        Normal          Normal    -0.312	    -0.790	     0.625	    -0.704	     0.495	    -0.312	    -0.790	     0.625	    -0.581	     0.338	     0.070
         -0.257	          0.465	          0.658	         -1.306	         27.527	         -0.257	          0.465	          0.930	         -1.855	         27.597	        Normal          Normal    -0.257	    -0.535	     0.286	    -0.342	     0.117	    -0.257	    -0.535	     0.286	    -0.070	     0.005	     0.070
          0.018	          0.394	          0.557	         -0.975	         27.288	          0.018	          0.394	          0.788	         -1.523	         27.358	        Normal          Normal     0.018	    -0.606	     0.367	    -0.443	     0.196	     0.018	    -0.606	     0.367	    -0.212	     0.045	     0.070
          0.262	          0.894	           1.26	         -2.614	         28.470	          0.262	          0.894	          1.788	         -3.162	         28.540	        Normal          Normal     0.262	    -0.106	     0.011	     0.264	     0.070	     0.262	    -0.106	     0.011	     0.788	     0.621	     0.070
         -0.826	           2.58	           3.65	         -4.735	         30.000	         -0.826	          2.582	          5.164	         -5.283	         30.070	        Normal          Normal    -0.826	     1.582	     2.503	     2.651	     7.030	    -0.826	     1.582	     2.503	     4.164	    17.339	     0.070
          0.739	           1.16	           1.64	         -3.138	         28.848	          0.739	          1.162	          2.324	         -3.687	         28.918	        Normal          Normal     0.739	     0.162	     0.026	     0.643	     0.414	     0.739	     0.162	     0.026	     1.324	     1.753	     0.070
          0.633	          0.343	          0.484	         -0.695	         27.086	          0.633	          0.343	          0.685	         -1.243	         27.156	        Normal          Normal     0.633	    -0.657	     0.432	    -0.516	     0.266	     0.633	    -0.657	     0.432	    -0.315	     0.099	     0.070
          0.101	          0.152	          0.215	          0.930	         25.914	          0.101	          0.152	          0.304	          0.381	         25.984	        Normal          Normal     0.101	    -0.848	     0.719	    -0.785	     0.616	     0.101	    -0.848	     0.719	    -0.696	     0.484	     0.070
          0.663	           1.46	           2.06	         -3.590	         29.174	          0.663	          1.457	          2.913	         -4.138	         29.244	        Normal          Normal     0.663	     0.457	     0.208	     1.060	     1.123	     0.663	     0.457	     0.208	     1.913	     3.660	     0.070
           0.23	          0.265	          0.375	         -0.182	         26.716	          0.230	          0.265	          0.530	         -0.730	         26.786	        Normal          Normal     0.230	    -0.735	     0.540	    -0.625	     0.391	     0.230	    -0.735	     0.540	    -0.470	     0.221	     0.070
         -0.991	           1.22	           1.72	         -3.231	         28.916	         -0.991	          1.218	          2.435	         -3.780	         28.986	        Normal          Normal    -0.991	     0.218	     0.047	     0.722	     0.521	    -0.991	     0.218	     0.047	     1.435	     2.059	     0.070
          0.655	          0.932	           1.32	         -2.697	         28.530	          0.655	          0.932	          1.864	         -3.245	         28.600	        Normal          Normal     0.655	    -0.068	     0.005	     0.318	     0.101	     0.655	    -0.068	     0.005	     0.864	     0.746	     0.070
           1.22	          0.323	          0.457	         -0.578	         27.001	          1.220	          0.323	          0.646	         -1.126	         27.071	        Normal          Normal     1.220	    -0.677	     0.458	    -0.543	     0.295	     1.220	    -0.677	     0.458	    -0.354	     0.125	     0.070
         -0.567	           0.41	           0.58	         -1.055	         27.346	         -0.567	          0.410	          0.820	         -1.603	         27.415	        Normal          Normal    -0.567	    -0.590	     0.348	    -0.420	     0.177	    -0.567	    -0.590	     0.348	    -0.180	     0.032	     0.070
           1.62	           1.43	           2.02	         -3.549	         29.145	          1.620	          1.427	          2.854	         -4.097	         29.215	        Normal          Normal     1.620	     0.427	     0.182	     1.018	     1.036	     1.620	     0.427	     0.182	     1.854	     3.437	     0.070
         -0.175	          0.088	          0.124	          2.023	         25.125	         -0.175	          0.088	          0.176	          1.475	         25.195	        Normal          Normal    -0.175	    -0.912	     0.832	    -0.876	     0.767	    -0.175	    -0.912	     0.832	    -0.824	     0.679	     0.070
          0.692	          0.189	          0.267	          0.499	         26.224	          0.692	          0.189	          0.377	         -0.049	         26.294	        Normal          Normal     0.692	    -0.811	     0.659	    -0.733	     0.538	     0.692	    -0.811	     0.659	    -0.623	     0.388	     0.070
          0.862	          0.129	          0.182	          1.258	         25.677	          0.862	          0.129	          0.258	          0.710	         25.747	        Normal          Normal     0.862	    -0.871	     0.759	    -0.818	     0.668	     0.862	    -0.871	     0.759	    -0.742	     0.551	     0.070
           1.26	           0.15	          0.213	          0.950	         25.900	          1.260	          0.150	          0.301	          0.401	         25.969	        Normal          Normal     1.260	    -0.850	     0.722	    -0.787	     0.620	     1.260	    -0.850	     0.722	    -0.699	     0.489	     0.070
           1.56	           1.03	           1.46	         -2.906	         28.681	          1.562	          1.034	          2.069	         -3.454	         28.751	        Normal          Normal     1.562	     0.034	     0.001	     0.463	     0.214	     1.562	     0.034	     0.001	     1.069	     1.143	     0.070
            0.5	          0.144	          0.204	          1.038	         25.836	          0.500	          0.144	          0.288	          0.490	         25.906	        Normal          Normal     0.500	    -0.856	     0.733	    -0.796	     0.634	     0.500	    -0.856	     0.733	    -0.712	     0.507	     0.070
          0.722	          0.352	          0.498	         -0.750	         27.125	          0.722	          0.352	          0.704	         -1.298	         27.195	        Normal          Normal     0.722	    -0.648	     0.420	    -0.502	     0.252	     0.722	    -0.648	     0.420	    -0.296	     0.088	     0.070
         -0.716	         0.0775	           0.11	          2.277	         24.942	         -0.716	          0.078	          0.155	          1.729	         25.012	        Normal          Normal    -0.716	    -0.922	     0.851	    -0.890	     0.793	    -0.716	    -0.922	     0.851	    -0.845	     0.714	     0.070
           2.76	          0.706	          0.998	         -2.142	         28.130	          2.761	          0.706	          1.412	         -2.690	         28.199	        Normal          Normal     2.761	    -0.294	     0.086	    -0.002	     0.000	     2.761	    -0.294	     0.086	     0.412	     0.170	     0.070
           1.12	          0.461	          0.653	         -1.291	         27.516	          1.123	          0.461	          0.923	         -1.840	         27.586	        Normal          Normal     1.123	    -0.538	     0.290	    -0.347	     0.121	     1.123	    -0.538	     0.290	    -0.077	     0.006	     0.070
         -0.559	          0.049	         0.0693	          3.194	         24.281	         -0.559	          0.049	          0.098	          2.646	         24.351	        Normal          Normal    -0.559	    -0.951	     0.904	    -0.931	     0.866	    -0.559	    -0.951	     0.904	    -0.902	     0.814	     0.070
           2.28	           2.39	           3.38	         -4.583	         29.891	          2.281	          2.393	          4.787	         -5.132	         29.961	        Normal          Normal     2.281	     1.393	     1.942	     2.385	     5.688	     2.281	     1.393	     1.942	     3.787	    14.341	     0.070
         -0.558	          0.713	           1.01	         -2.161	         28.144	         -0.558	          0.713	          1.426	         -2.710	         28.214	        Normal          Normal    -0.558	    -0.287	     0.082	     0.008	     0.000	    -0.558	    -0.287	     0.082	     0.426	     0.181	     0.070
          0.034	          0.633	          0.895	         -1.923	         27.972	          0.034	          0.633	          1.266	         -2.472	         28.042	        Normal          Normal     0.034	    -0.367	     0.135	    -0.105	     0.011	     0.034	    -0.367	     0.135	     0.266	     0.071	     0.070
           1.15	           0.95	           1.34	         -2.735	         28.558	          1.148	          0.950	          1.900	         -3.284	         28.628	        Normal          Normal     1.148	    -0.050	     0.003	     0.344	     0.118	     1.148	    -0.050	     0.003	     0.900	     0.810	     0.070
         -0.211	          0.236	          0.333	          0.054	         26.546	         -0.211	          0.235	          0.471	         -0.494	         26.615	        Normal          Normal    -0.211	    -0.764	     0.584	    -0.667	     0.445	    -0.211	    -0.764	     0.584	    -0.529	     0.280	     0.070
         -0.034	           1.48	           2.09	         -3.621	         29.196	         -0.034	          1.479	          2.958	         -4.169	         29.266	        Normal          Normal    -0.034	     0.479	     0.229	     1.092	     1.192	    -0.034	     0.479	     0.229	     1.958	     3.834	     0.070
         -0.243	          0.266	          0.375	         -0.186	         26.719	         -0.243	          0.266	          0.531	         -0.734	         26.788	        Normal          Normal    -0.243	    -0.734	     0.539	    -0.625	     0.390	    -0.243	    -0.734	     0.539	    -0.469	     0.220	     0.070
          -0.35	          0.471	          0.666	         -1.332	         27.546	         -0.350	          0.471	          0.942	         -1.880	         27.615	        Normal          Normal    -0.350	    -0.529	     0.280	    -0.334	     0.111	    -0.350	    -0.529	     0.280	    -0.058	     0.003	     0.070
           0.71	          0.048	         0.0679	          3.235	         24.251	          0.710	          0.048	          0.096	          2.687	         24.321	        Normal          Normal     0.710	    -0.952	     0.906	    -0.932	     0.869	     0.710	    -0.952	     0.906	    -0.904	     0.817	     0.070
         -0.438	          0.311	           0.44	         -0.502	         26.947	         -0.438	          0.311	          0.622	         -1.050	         27.017	        Normal          Normal    -0.438	    -0.689	     0.475	    -0.560	     0.314	    -0.438	    -0.689	     0.475	    -0.378	     0.143	     0.070
          -1.55	           1.26	           1.78	         -3.293	         28.960	         -1.549	          1.256	          2.511	         -3.841	         29.030	        Normal          Normal    -1.549	     0.256	     0.065	     0.776	     0.601	    -1.549	     0.256	     0.065	     1.511	     2.283	     0.070
          0.363	            0.7	          0.989	         -2.123	         28.116	          0.363	          0.700	          1.399	         -2.672	         28.186	        Normal          Normal     0.363	    -0.300	     0.090	    -0.011	     0.000	     0.363	    -0.300	     0.090	     0.399	     0.159	     0.070
          0.564	          0.616	           0.87	         -1.867	         27.932	          0.564	          0.616	          1.231	         -2.416	         28.001	        Normal          Normal     0.564	    -0.384	     0.148	    -0.130	     0.017	     0.564	    -0.384	     0.148	     0.231	     0.053	     0.070
         -0.503	          0.568	          0.803	         -1.707	         27.816	         -0.503	          0.568	          1.136	         -2.255	         27.886	        Normal          Normal    -0.503	    -0.432	     0.187	    -0.197	     0.039	    -0.503	    -0.432	     0.187	     0.136	     0.018	     0.070
          0.986	           1.52	           2.15	         -3.671	         29.233	          0.986	          1.517	          3.034	         -4.220	         29.303	        Normal          Normal     0.986	     0.517	     0.267	     1.145	     1.312	     0.986	     0.517	     0.267	     2.034	     4.137	     0.070
