        -0.0374	           1.41	           1.41	      -1764.680	      12524.974	          0.017	          1.023	          1.024	      -1715.633	      12454.180	       Laplace         Laplace    -0.037	     0.413	     0.171	     0.414	     0.171	     0.017	     0.023	     0.001	     0.024	     0.001	   -70.794
       -0.00949	           1.44	           1.44	      -1783.565	      12552.192	         -0.031	          1.001	          1.002	      -1693.663	      12422.515	       Laplace         Laplace    -0.009	     0.440	     0.194	     0.441	     0.194	    -0.031	     0.001	     0.000	     0.002	     0.000	  -129.677
         0.0146	           1.38	           1.38	      -1739.258	      12488.334	          0.027	          0.987	          0.988	      -1679.981	      12402.796	       Laplace         Laplace     0.015	     0.378	     0.143	     0.378	     0.143	     0.027	    -0.013	     0.000	    -0.012	     0.000	   -85.538
         0.0314	           1.36	           1.36	      -1728.409	      12472.698	          0.025	          0.987	          0.988	      -1679.889	      12402.663	       Laplace         Laplace     0.031	     0.363	     0.132	     0.363	     0.132	     0.025	    -0.013	     0.000	    -0.012	     0.000	   -70.035
        -0.0531	           1.35	           1.35	      -1717.823	      12457.440	         -0.031	          0.983	          0.984	      -1675.713	      12396.645	       Laplace         Laplace    -0.053	     0.348	     0.121	     0.349	     0.122	    -0.031	    -0.017	     0.000	    -0.016	     0.000	   -60.795
        -0.0184	           1.35	           1.35	      -1716.654	      12455.756	          0.009	          0.974	          0.975	      -1666.821	      12383.829	       Laplace         Laplace    -0.018	     0.347	     0.120	     0.347	     0.121	     0.009	    -0.026	     0.001	    -0.025	     0.001	   -71.927
        -0.0163	           1.27	           1.27	      -1655.764	      12367.998	         -0.005	          0.915	          0.916	      -1604.619	      12294.180	       Laplace         Laplace    -0.016	     0.267	     0.071	     0.268	     0.072	    -0.005	    -0.085	     0.007	    -0.084	     0.007	   -73.818
         0.0202	           1.42	           1.42	      -1770.832	      12533.840	          0.023	          1.000	          1.001	      -1693.383	      12422.112	       Laplace         Laplace     0.020	     0.422	     0.178	     0.422	     0.178	     0.023	     0.000	     0.000	     0.001	     0.000	  -111.728
       -0.00796	           1.32	           1.32	      -1698.080	      12428.986	          0.030	          0.950	          0.951	      -1641.990	      12348.041	       Laplace         Laplace    -0.008	     0.322	     0.104	     0.323	     0.104	     0.030	    -0.050	     0.002	    -0.049	     0.002	   -80.945
         0.0668	           1.43	           1.43	      -1777.054	      12542.807	          0.062	          0.998	          0.999	      -1691.527	      12419.437	       Laplace         Laplace     0.067	     0.431	     0.185	     0.431	     0.186	     0.062	    -0.002	     0.000	    -0.001	     0.000	  -123.371
        -0.0544	           1.44	           1.44	      -1785.567	      12555.076	         -0.053	          1.022	          1.023	      -1714.789	      12452.964	       Laplace         Laplace    -0.054	     0.443	     0.196	     0.444	     0.197	    -0.053	     0.022	     0.000	     0.023	     0.001	  -102.113
        -0.0747	           1.44	           1.44	      -1783.675	      12552.350	         -0.046	          1.015	          1.016	      -1707.630	      12442.645	       Laplace         Laplace    -0.075	     0.440	     0.194	     0.441	     0.194	    -0.046	     0.015	     0.000	     0.016	     0.000	  -109.705
        -0.0516	           1.39	           1.39	      -1749.100	      12502.519	         -0.036	          0.982	          0.983	      -1675.293	      12396.039	       Laplace         Laplace    -0.052	     0.391	     0.153	     0.392	     0.154	    -0.036	    -0.018	     0.000	    -0.017	     0.000	  -106.480
         0.0477	           1.38	           1.39	      -1744.145	      12495.377	          0.024	          0.945	          0.946	      -1636.255	      12339.776	       Laplace         Laplace     0.048	     0.384	     0.148	     0.385	     0.148	     0.024	    -0.055	     0.003	    -0.054	     0.003	  -155.601
         0.0274	           1.43	           1.43	      -1776.515	      12542.031	         -0.007	          1.022	          1.023	      -1714.938	      12453.178	       Laplace         Laplace     0.027	     0.430	     0.185	     0.431	     0.185	    -0.007	     0.022	     0.000	     0.023	     0.001	   -88.853
         0.0304	           1.36	           1.36	      -1725.323	      12468.250	          0.027	          0.979	          0.980	      -1672.406	      12391.878	       Laplace         Laplace     0.030	     0.359	     0.129	     0.359	     0.129	     0.027	    -0.021	     0.000	    -0.020	     0.000	   -76.372
        -0.0207	           1.48	           1.48	      -1809.623	      12589.747	         -0.028	          1.049	          1.050	      -1741.156	      12490.965	       Laplace         Laplace    -0.021	     0.478	     0.228	     0.479	     0.229	    -0.028	     0.049	     0.002	     0.050	     0.003	   -98.783
        -0.0334	           1.43	           1.43	      -1777.272	      12543.122	          0.024	          1.010	          1.011	      -1703.202	      12436.264	       Laplace         Laplace    -0.033	     0.431	     0.186	     0.432	     0.186	     0.024	     0.010	     0.000	     0.011	     0.000	  -106.858
         0.0649	           1.39	           1.39	      -1747.845	      12500.710	          0.036	          0.988	          0.989	      -1681.345	      12404.762	       Laplace         Laplace     0.065	     0.389	     0.152	     0.390	     0.152	     0.036	    -0.012	     0.000	    -0.011	     0.000	   -95.949
        -0.0861	            1.4	            1.4	      -1758.266	      12515.729	         -0.011	          1.012	          1.013	      -1705.510	      12439.590	       Laplace         Laplace    -0.086	     0.404	     0.163	     0.405	     0.164	    -0.011	     0.012	     0.000	     0.013	     0.000	   -76.139
         0.0294	           1.43	           1.43	      -1775.889	      12541.128	          0.010	          1.025	          1.026	      -1717.691	      12457.146	       Laplace         Laplace     0.029	     0.429	     0.184	     0.430	     0.185	     0.010	     0.025	     0.001	     0.026	     0.001	   -83.982
       -0.00384	            1.4	            1.4	      -1752.897	      12507.991	         -0.023	          0.973	          0.974	      -1665.783	      12382.333	       Laplace         Laplace    -0.004	     0.396	     0.157	     0.397	     0.158	    -0.023	    -0.027	     0.001	    -0.026	     0.001	  -125.657
        -0.0263	           1.42	           1.42	      -1766.959	      12528.258	         -0.007	          0.990	          0.991	      -1683.273	      12407.540	       Laplace         Laplace    -0.026	     0.416	     0.173	     0.417	     0.174	    -0.007	    -0.010	     0.000	    -0.009	     0.000	  -120.718
        0.00151	            1.4	            1.4	      -1754.772	      12510.693	         -0.018	          1.003	          1.004	      -1696.100	      12426.027	       Laplace         Laplace     0.002	     0.399	     0.159	     0.400	     0.160	    -0.018	     0.003	     0.000	     0.004	     0.000	   -84.666
        -0.0492	            1.4	            1.4	      -1755.742	      12512.091	         -0.035	          1.020	          1.021	      -1712.857	      12450.178	       Laplace         Laplace    -0.049	     0.400	     0.160	     0.401	     0.161	    -0.035	     0.020	     0.000	     0.021	     0.000	   -61.913
       -0.00519	           1.44	           1.44	      -1786.421	      12556.308	          0.006	          1.036	          1.037	      -1728.815	      12473.179	       Laplace         Laplace    -0.005	     0.444	     0.197	     0.445	     0.198	     0.006	     0.036	     0.001	     0.037	     0.001	   -83.130
        -0.0277	           1.34	           1.34	      -1711.969	      12449.003	         -0.007	          0.945	          0.946	      -1636.451	      12340.058	       Laplace         Laplace    -0.028	     0.340	     0.116	     0.341	     0.116	    -0.007	    -0.055	     0.003	    -0.054	     0.003	  -108.945
       -0.00326	           1.34	           1.35	      -1715.029	      12453.414	          0.006	          0.976	          0.976	      -1668.361	      12386.048	       Laplace         Laplace    -0.003	     0.345	     0.119	     0.345	     0.119	     0.006	    -0.024	     0.001	    -0.024	     0.001	   -67.366
         0.0646	           1.46	           1.47	      -1800.778	      12577.000	          0.013	          1.012	          1.013	      -1704.622	      12438.310	       Laplace         Laplace     0.065	     0.465	     0.216	     0.466	     0.217	     0.013	     0.012	     0.000	     0.013	     0.000	  -138.690
         0.0597	            1.5	            1.5	      -1825.894	      12613.198	          0.039	          1.045	          1.046	      -1736.946	      12484.897	       Laplace         Laplace     0.060	     0.502	     0.252	     0.503	     0.253	     0.039	     0.045	     0.002	     0.046	     0.002	  -128.301
       -0.00186	            1.4	            1.4	      -1754.899	      12510.876	          0.045	          1.007	          1.008	      -1700.393	      12432.215	       Laplace         Laplace    -0.002	     0.399	     0.159	     0.400	     0.160	     0.045	     0.007	     0.000	     0.008	     0.000	   -78.662
        -0.0379	           1.33	           1.33	      -1703.545	      12436.862	         -0.025	          0.933	          0.934	      -1623.753	      12321.757	       Laplace         Laplace    -0.038	     0.329	     0.108	     0.330	     0.109	    -0.025	    -0.067	     0.004	    -0.066	     0.004	  -115.104
        -0.0343	           1.46	           1.46	      -1794.197	      12567.515	         -0.013	          1.031	          1.032	      -1723.754	      12465.884	       Laplace         Laplace    -0.034	     0.455	     0.207	     0.456	     0.208	    -0.013	     0.031	     0.001	     0.032	     0.001	  -101.631
        -0.0432	           1.49	           1.49	      -1817.801	      12601.535	         -0.025	          1.030	          1.031	      -1722.418	      12463.958	       Laplace         Laplace    -0.043	     0.490	     0.240	     0.491	     0.241	    -0.025	     0.030	     0.001	     0.031	     0.001	  -137.577
        -0.0348	           1.44	           1.44	      -1782.434	      12550.562	         -0.027	          1.024	          1.025	      -1716.473	      12455.390	       Laplace         Laplace    -0.035	     0.438	     0.192	     0.439	     0.193	    -0.027	     0.024	     0.001	     0.025	     0.001	   -95.172
        0.00966	            1.4	            1.4	      -1756.661	      12513.416	          0.050	          0.982	          0.983	      -1675.441	      12396.253	       Laplace         Laplace     0.010	     0.402	     0.161	     0.402	     0.162	     0.050	    -0.018	     0.000	    -0.017	     0.000	  -117.163
       -0.00356	           1.48	           1.48	      -1812.461	      12593.837	         -0.025	          1.043	          1.044	      -1734.866	      12481.899	       Laplace         Laplace    -0.004	     0.482	     0.233	     0.483	     0.233	    -0.025	     0.043	     0.002	     0.044	     0.002	  -111.939
         0.0105	           1.37	           1.38	      -1737.188	      12485.350	          0.043	          0.973	          0.974	      -1665.489	      12381.910	       Laplace         Laplace     0.010	     0.375	     0.140	     0.375	     0.141	     0.043	    -0.027	     0.001	    -0.026	     0.001	  -103.441
         0.0177	           1.39	           1.39	      -1745.324	      12497.076	         -0.040	          0.991	          0.992	      -1684.513	      12409.328	       Laplace         Laplace     0.018	     0.386	     0.149	     0.387	     0.149	    -0.040	    -0.009	     0.000	    -0.008	     0.000	   -87.748
        -0.0308	           1.36	           1.36	      -1723.954	      12466.277	         -0.005	          0.969	          0.970	      -1661.902	      12376.740	       Laplace         Laplace    -0.031	     0.357	     0.127	     0.357	     0.128	    -0.005	    -0.031	     0.001	    -0.030	     0.001	   -89.538
        -0.0133	           1.49	           1.49	      -1817.848	      12601.603	         -0.013	          1.005	          1.006	      -1698.230	      12429.098	       Laplace         Laplace    -0.013	     0.490	     0.240	     0.491	     0.241	    -0.013	     0.005	     0.000	     0.006	     0.000	  -172.505
         0.0291	           1.37	           1.37	      -1736.461	      12484.302	         -0.003	          0.978	          0.979	      -1671.052	      12389.927	       Laplace         Laplace     0.029	     0.374	     0.140	     0.374	     0.140	    -0.003	    -0.022	     0.000	    -0.021	     0.000	   -94.375
         0.0588	           1.46	           1.46	      -1796.381	      12570.663	          0.032	          1.040	          1.041	      -1732.700	      12478.777	       Laplace         Laplace     0.059	     0.459	     0.210	     0.459	     0.211	     0.032	     0.040	     0.002	     0.041	     0.002	   -91.886
       -0.00715	           1.42	           1.42	      -1772.103	      12535.672	         -0.018	          0.974	          0.975	      -1666.789	      12383.783	       Laplace         Laplace    -0.007	     0.424	     0.179	     0.424	     0.180	    -0.018	    -0.026	     0.001	    -0.025	     0.001	  -151.889
         -0.103	           1.49	           1.49	      -1817.666	      12601.340	         -0.005	          1.051	          1.052	      -1742.797	      12493.330	       Laplace         Laplace    -0.103	     0.490	     0.240	     0.491	     0.241	    -0.005	     0.051	     0.003	     0.052	     0.003	  -108.011
        -0.0112	           1.37	           1.37	      -1732.601	      12478.739	          0.002	          0.966	          0.967	      -1658.598	      12371.978	       Laplace         Laplace    -0.011	     0.368	     0.136	     0.369	     0.136	     0.002	    -0.034	     0.001	    -0.033	     0.001	  -106.761
       -0.00933	           1.47	           1.47	      -1802.896	      12580.053	          0.000	          1.040	          1.041	      -1732.536	      12478.541	       Laplace         Laplace    -0.009	     0.468	     0.219	     0.469	     0.220	     0.000	     0.040	     0.002	     0.041	     0.002	  -101.512
         0.0113	           1.42	           1.42	      -1769.468	      12531.874	         -0.015	          0.996	          0.997	      -1688.879	      12415.620	       Laplace         Laplace     0.011	     0.420	     0.176	     0.421	     0.177	    -0.015	    -0.004	     0.000	    -0.003	     0.000	  -116.254
        -0.0395	           1.37	           1.37	      -1735.086	      12482.321	          0.000	          0.993	          0.994	      -1686.327	      12411.942	       Laplace         Laplace    -0.040	     0.372	     0.138	     0.373	     0.139	     0.000	    -0.007	     0.000	    -0.006	     0.000	   -70.379
        -0.0211	            1.4	            1.4	      -1752.019	      12506.725	          0.019	          1.009	          1.010	      -1702.205	      12434.826	       Laplace         Laplace    -0.021	     0.395	     0.156	     0.396	     0.157	     0.019	     0.009	     0.000	     0.010	     0.000	   -71.899
         0.0124	           1.35	           1.36	      -1722.621	      12464.356	          0.018	          0.974	          0.974	      -1666.298	      12383.075	       Laplace         Laplace     0.012	     0.355	     0.126	     0.356	     0.126	     0.018	    -0.026	     0.001	    -0.026	     0.001	   -81.280
        0.00582	           1.51	           1.51	      -1829.430	      12618.294	         -0.002	          1.025	          1.026	      -1717.514	      12456.890	       Laplace         Laplace     0.006	     0.508	     0.258	     0.508	     0.258	    -0.002	     0.025	     0.001	     0.026	     0.001	  -161.404
         0.0678	           1.44	           1.44	      -1785.236	      12554.600	          0.043	          1.011	          1.012	      -1703.642	      12436.897	       Laplace         Laplace     0.068	     0.442	     0.196	     0.443	     0.196	     0.043	     0.011	     0.000	     0.012	     0.000	  -117.703
        -0.0312	           1.36	           1.36	      -1723.749	      12465.982	          0.009	          0.976	          0.977	      -1668.890	      12386.812	       Laplace         Laplace    -0.031	     0.356	     0.127	     0.357	     0.127	     0.009	    -0.024	     0.001	    -0.023	     0.001	   -79.171
         0.0271	           1.34	           1.34	      -1713.962	      12451.876	         -0.038	          0.976	          0.977	      -1669.341	      12387.461	       Laplace         Laplace     0.027	     0.343	     0.118	     0.344	     0.118	    -0.038	    -0.024	     0.001	    -0.023	     0.001	   -64.414
        -0.0377	           1.41	           1.42	      -1765.675	      12526.407	         -0.029	          0.985	          0.986	      -1678.462	      12400.607	       Laplace         Laplace    -0.038	     0.414	     0.172	     0.415	     0.172	    -0.029	    -0.015	     0.000	    -0.014	     0.000	  -125.800
         0.0693	           1.38	           1.38	      -1743.720	      12494.765	          0.042	          0.984	          0.985	      -1676.731	      12398.112	       Laplace         Laplace     0.069	     0.384	     0.147	     0.384	     0.148	     0.042	    -0.016	     0.000	    -0.015	     0.000	   -96.653
        0.00764	           1.35	           1.35	      -1720.669	      12461.543	          0.013	          0.951	          0.952	      -1643.331	      12349.974	       Laplace         Laplace     0.008	     0.352	     0.124	     0.353	     0.125	     0.013	    -0.049	     0.002	    -0.048	     0.002	  -111.569
         0.0132	           1.49	           1.49	      -1819.755	      12604.350	         -0.020	          1.063	          1.065	      -1754.710	      12510.499	       Laplace         Laplace     0.013	     0.493	     0.243	     0.494	     0.244	    -0.020	     0.063	     0.004	     0.065	     0.004	   -93.851
       -0.00981	           1.39	           1.39	      -1750.724	      12504.859	          0.010	          0.952	          0.953	      -1643.748	      12350.575	       Laplace         Laplace    -0.010	     0.393	     0.155	     0.394	     0.155	     0.010	    -0.048	     0.002	    -0.047	     0.002	  -154.284
        0.00467	           1.39	           1.39	      -1744.778	      12496.289	          0.022	          1.004	          1.005	      -1697.543	      12428.107	       Laplace         Laplace     0.005	     0.385	     0.148	     0.386	     0.149	     0.022	     0.004	     0.000	     0.005	     0.000	   -68.183
         -0.017	            1.4	            1.4	      -1757.263	      12514.284	          0.013	          1.000	          1.001	      -1693.642	      12422.485	       Laplace         Laplace    -0.017	     0.403	     0.162	     0.403	     0.163	     0.013	     0.000	     0.000	     0.001	     0.000	   -91.799
         0.0843	           1.44	           1.44	      -1780.805	      12548.214	          0.104	          0.997	          0.998	      -1689.898	      12417.089	       Laplace         Laplace     0.084	     0.436	     0.190	     0.437	     0.191	     0.104	    -0.003	     0.000	    -0.002	     0.000	  -131.125
         0.0304	           1.36	           1.37	      -1729.812	      12474.720	          0.004	          0.983	          0.984	      -1675.922	      12396.945	       Laplace         Laplace     0.030	     0.365	     0.133	     0.365	     0.133	     0.004	    -0.017	     0.000	    -0.016	     0.000	   -77.774
         0.0228	           1.36	           1.36	      -1725.761	      12468.881	          0.001	          0.987	          0.988	      -1680.235	      12403.162	       Laplace         Laplace     0.023	     0.359	     0.129	     0.360	     0.129	     0.001	    -0.013	     0.000	    -0.012	     0.000	   -65.719
         0.0505	           1.32	           1.32	      -1698.672	      12429.840	          0.049	          0.940	          0.941	      -1631.802	      12333.359	       Laplace         Laplace     0.051	     0.323	     0.104	     0.323	     0.105	     0.049	    -0.060	     0.004	    -0.059	     0.003	   -96.481
         0.0622	           1.41	           1.41	      -1759.635	      12517.702	          0.017	          1.005	          1.006	      -1698.429	      12429.385	       Laplace         Laplace     0.062	     0.406	     0.165	     0.407	     0.165	     0.017	     0.005	     0.000	     0.006	     0.000	   -88.317
        -0.0182	            1.4	            1.4	      -1754.901	      12510.879	          0.033	          1.014	          1.015	      -1706.970	      12441.694	       Laplace         Laplace    -0.018	     0.399	     0.159	     0.400	     0.160	     0.033	     0.014	     0.000	     0.015	     0.000	   -69.185
        -0.0352	           1.52	           1.52	      -1835.131	      12626.511	          0.016	          1.064	          1.065	      -1755.361	      12511.438	       Laplace         Laplace    -0.035	     0.516	     0.266	     0.517	     0.267	     0.016	     0.064	     0.004	     0.065	     0.004	  -115.073
       -0.00847	            1.4	            1.4	      -1758.114	      12515.510	          0.000	          0.993	          0.994	      -1686.085	      12411.594	       Laplace         Laplace    -0.008	     0.404	     0.163	     0.404	     0.164	     0.000	    -0.007	     0.000	    -0.006	     0.000	  -103.916
       -0.00791	           1.41	           1.41	      -1764.081	      12524.110	         -0.004	          0.978	          0.979	      -1670.639	      12389.331	       Laplace         Laplace    -0.008	     0.412	     0.170	     0.413	     0.170	    -0.004	    -0.022	     0.000	    -0.021	     0.000	  -134.779
        -0.0239	           1.41	           1.41	      -1763.899	      12523.848	          0.001	          0.996	          0.997	      -1688.674	      12415.325	       Laplace         Laplace    -0.024	     0.412	     0.170	     0.413	     0.170	     0.001	    -0.004	     0.000	    -0.003	     0.000	  -108.523
        -0.0215	           1.38	           1.38	      -1738.109	      12486.678	         -0.037	          0.983	          0.984	      -1676.203	      12397.352	       Laplace         Laplace    -0.021	     0.376	     0.141	     0.377	     0.142	    -0.037	    -0.017	     0.000	    -0.016	     0.000	   -89.327
        -0.0283	           1.44	           1.44	      -1784.293	      12553.240	         -0.043	          1.032	          1.033	      -1724.891	      12467.523	       Laplace         Laplace    -0.028	     0.441	     0.195	     0.442	     0.195	    -0.043	     0.032	     0.001	     0.033	     0.001	   -85.718
         0.0756	            1.4	            1.4	      -1756.627	      12513.367	          0.033	          0.989	          0.990	      -1682.332	      12406.184	       Laplace         Laplace     0.076	     0.402	     0.161	     0.402	     0.162	     0.033	    -0.011	     0.000	    -0.010	     0.000	  -107.182
          0.112	           1.39	           1.39	      -1747.991	      12500.921	          0.059	          0.982	          0.983	      -1675.457	      12396.275	       Laplace         Laplace     0.112	     0.390	     0.152	     0.390	     0.152	     0.059	    -0.018	     0.000	    -0.017	     0.000	  -104.645
       -0.00915	           1.38	           1.38	      -1741.788	      12491.981	         -0.013	          0.991	          0.992	      -1684.483	      12409.284	       Laplace         Laplace    -0.009	     0.381	     0.145	     0.382	     0.146	    -0.013	    -0.009	     0.000	    -0.008	     0.000	   -82.697
       -0.00405	           1.43	           1.43	      -1774.079	      12538.519	          0.009	          1.017	          1.018	      -1709.961	      12446.005	       Laplace         Laplace    -0.004	     0.426	     0.182	     0.427	     0.182	     0.009	     0.017	     0.000	     0.018	     0.000	   -92.514
         0.0182	           1.38	           1.38	      -1739.822	      12489.146	          0.029	          0.977	          0.978	      -1669.914	      12388.287	       Laplace         Laplace     0.018	     0.378	     0.143	     0.379	     0.144	     0.029	    -0.023	     0.001	    -0.022	     0.000	  -100.859
         0.0938	           1.38	           1.38	      -1743.205	      12494.022	          0.050	          0.986	          0.987	      -1679.002	      12401.384	       Laplace         Laplace     0.094	     0.383	     0.147	     0.384	     0.147	     0.050	    -0.014	     0.000	    -0.013	     0.000	   -92.638
        -0.0319	           1.44	           1.44	      -1786.448	      12556.347	         -0.007	          1.048	          1.049	      -1740.363	      12489.821	       Laplace         Laplace    -0.032	     0.444	     0.197	     0.445	     0.198	    -0.007	     0.048	     0.002	     0.049	     0.002	   -66.525
         0.0406	           1.48	           1.49	      -1814.090	      12596.185	          0.089	          1.057	          1.058	      -1748.838	      12502.037	       Laplace         Laplace     0.041	     0.485	     0.235	     0.485	     0.236	     0.089	     0.057	     0.003	     0.058	     0.003	   -94.148
        -0.0723	           1.35	           1.35	      -1718.559	      12458.501	         -0.073	          0.967	          0.968	      -1659.164	      12372.794	       Laplace         Laplace    -0.072	     0.349	     0.122	     0.350	     0.123	    -0.073	    -0.033	     0.001	    -0.032	     0.001	   -85.707
        -0.0401	            1.4	            1.4	      -1755.823	      12512.208	         -0.028	          1.002	          1.003	      -1695.523	      12425.196	       Laplace         Laplace    -0.040	     0.401	     0.160	     0.401	     0.161	    -0.028	     0.002	     0.000	     0.003	     0.000	   -87.011
        -0.0322	           1.36	           1.36	      -1724.129	      12466.529	         -0.006	          0.974	          0.975	      -1667.265	      12384.469	       Laplace         Laplace    -0.032	     0.357	     0.127	     0.358	     0.128	    -0.006	    -0.026	     0.001	    -0.025	     0.001	   -82.060
        -0.0217	           1.35	           1.36	      -1722.303	      12463.898	          0.041	          0.968	          0.969	      -1660.854	      12375.230	       Laplace         Laplace    -0.022	     0.354	     0.126	     0.355	     0.126	     0.041	    -0.032	     0.001	    -0.031	     0.001	   -88.668
          -0.02	           1.42	           1.43	      -1772.970	      12536.922	         -0.013	          1.020	          1.021	      -1712.519	      12449.692	       Laplace         Laplace    -0.020	     0.425	     0.180	     0.426	     0.181	    -0.013	     0.020	     0.000	     0.021	     0.000	   -87.230
         -0.019	           1.32	           1.32	      -1692.833	      12421.423	          0.010	          0.936	          0.937	      -1627.154	      12326.659	       Laplace         Laplace    -0.019	     0.315	     0.099	     0.316	     0.100	     0.010	    -0.064	     0.004	    -0.063	     0.004	   -94.765
         0.0397	           1.33	           1.33	      -1706.213	      12440.708	          0.032	          0.957	          0.958	      -1649.283	      12358.553	       Laplace         Laplace     0.040	     0.333	     0.111	     0.333	     0.111	     0.032	    -0.043	     0.002	    -0.042	     0.002	   -82.155
         0.0287	           1.48	           1.48	      -1808.546	      12588.196	          0.037	          1.029	          1.030	      -1721.948	      12463.282	       Laplace         Laplace     0.029	     0.476	     0.227	     0.477	     0.228	     0.037	     0.029	     0.001	     0.030	     0.001	  -124.914
         0.0266	           1.44	           1.44	      -1782.590	      12550.786	          0.027	          1.036	          1.037	      -1728.435	      12472.631	       Laplace         Laplace     0.027	     0.439	     0.192	     0.439	     0.193	     0.027	     0.036	     0.001	     0.037	     0.001	   -78.155
       -0.00259	           1.48	           1.48	      -1809.036	      12588.902	         -0.018	          1.024	          1.025	      -1716.527	      12455.468	       Laplace         Laplace    -0.003	     0.477	     0.228	     0.478	     0.228	    -0.018	     0.024	     0.001	     0.025	     0.001	  -133.434
        -0.0207	           1.44	           1.44	      -1785.888	      12555.539	          0.000	          0.991	          0.992	      -1684.026	      12408.625	       Laplace         Laplace    -0.021	     0.443	     0.197	     0.444	     0.197	     0.000	    -0.009	     0.000	    -0.008	     0.000	  -146.914
         -0.118	           1.33	           1.33	      -1705.625	      12439.860	         -0.056	          0.948	          0.949	      -1639.801	      12344.887	       Laplace         Laplace    -0.118	     0.332	     0.110	     0.333	     0.111	    -0.056	    -0.052	     0.003	    -0.051	     0.003	   -94.973
        0.00754	           1.45	           1.45	      -1788.292	      12559.005	          0.018	          1.008	          1.009	      -1701.007	      12433.100	       Laplace         Laplace     0.008	     0.447	     0.200	     0.448	     0.200	     0.018	     0.008	     0.000	     0.009	     0.000	  -125.905
       -0.00388	           1.32	           1.32	      -1697.840	      12428.640	         -0.007	          0.955	          0.956	      -1646.796	      12354.969	       Laplace         Laplace    -0.004	     0.322	     0.103	     0.322	     0.104	    -0.007	    -0.045	     0.002	    -0.044	     0.002	   -73.672
        -0.0328	           1.34	           1.34	      -1711.727	      12448.655	          0.005	          0.988	          0.989	      -1681.494	      12404.976	       Laplace         Laplace    -0.033	     0.340	     0.116	     0.341	     0.116	     0.005	    -0.012	     0.000	    -0.011	     0.000	   -43.679
         0.0213	           1.44	           1.44	      -1781.308	      12548.938	          0.003	          1.004	          1.005	      -1697.182	      12427.587	       Laplace         Laplace     0.021	     0.437	     0.191	     0.437	     0.191	     0.003	     0.004	     0.000	     0.005	     0.000	  -121.351
        -0.0273	           1.39	           1.39	      -1747.785	      12500.623	         -0.022	          0.967	          0.968	      -1659.665	      12373.515	       Laplace         Laplace    -0.027	     0.389	     0.152	     0.390	     0.152	    -0.022	    -0.033	     0.001	    -0.032	     0.001	  -127.107
        0.00636	           1.52	           1.53	      -1840.857	      12634.764	         -0.004	          1.068	          1.069	      -1758.649	      12516.177	       Laplace         Laplace     0.006	     0.525	     0.276	     0.526	     0.276	    -0.004	     0.068	     0.005	     0.069	     0.005	  -118.587
