          -1.19	           1.09	           1.26	         -6.011	         54.142	         -1.334	          0.903	          1.205	         -6.367	         54.325	        Normal          Normal    -1.188	     0.087	     0.008	     0.255	     0.065	    -1.334	    -0.097	     0.009	     0.205	     0.042	     0.182
          0.822	            1.9	            2.2	         -8.248	         56.563	          1.386	          1.700	          2.267	         -8.896	         57.061	        Normal          Normal     0.822	     0.902	     0.814	     1.196	     1.431	     1.386	     0.700	     0.490	     1.267	     1.605	     0.498
          -1.23	           2.73	           3.15	         -9.695	         58.129	          0.234	          1.663	          2.217	         -8.807	         56.965	       Laplace         Laplace    -1.231	     1.731	     2.997	     2.154	     4.638	     0.234	     0.663	     0.440	     1.217	     1.482	    -1.164
         0.0905	          0.204	          0.235	          0.688	         46.894	          0.045	          0.166	          0.221	          0.410	         46.991	        Normal          Normal     0.090	    -0.796	     0.634	    -0.765	     0.585	     0.045	    -0.834	     0.696	    -0.779	     0.606	     0.097
           -1.8	           1.32	           1.52	         -6.773	         54.967	         -1.645	          1.111	          1.482	         -7.195	         55.220	        Normal          Normal    -1.800	     0.315	     0.100	     0.519	     0.269	    -1.645	     0.111	     0.012	     0.482	     0.232	     0.253
         0.0757	           0.97	           1.12	         -5.554	         53.648	         -0.320	          0.673	          0.897	         -5.187	         53.048	       Laplace         Laplace     0.076	    -0.030	     0.001	     0.120	     0.014	    -0.320	    -0.327	     0.107	    -0.103	     0.011	    -0.600
        -0.0455	          0.598	          0.691	         -3.622	         51.558	         -0.100	          0.445	          0.593	         -3.534	         51.259	       Laplace         Laplace    -0.046	    -0.402	     0.161	    -0.309	     0.095	    -0.100	    -0.555	     0.308	    -0.407	     0.165	    -0.299
         -0.477	          0.395	          0.456	         -1.961	         49.761	         -0.441	          0.376	          0.501	         -2.857	         50.527	        Normal          Normal    -0.477	    -0.605	     0.366	    -0.544	     0.296	    -0.441	    -0.624	     0.390	    -0.499	     0.249	     0.766
         -0.282	           1.52	           1.75	         -7.340	         55.581	          0.249	          1.309	          1.746	         -7.850	         55.930	        Normal          Normal    -0.282	     0.516	     0.266	     0.750	     0.563	     0.249	     0.309	     0.096	     0.746	     0.556	     0.349
          0.477	          0.471	          0.544	         -2.663	         50.520	          0.262	          0.339	          0.452	         -2.443	         50.079	       Laplace         Laplace     0.477	    -0.529	     0.280	    -0.456	     0.208	     0.262	    -0.661	     0.437	    -0.548	     0.301	    -0.442
          0.415	          0.759	          0.876	         -4.573	         52.587	          0.143	          0.526	          0.702	         -4.207	         51.987	       Laplace         Laplace     0.415	    -0.241	     0.058	    -0.124	     0.015	     0.143	    -0.474	     0.224	    -0.298	     0.089	    -0.600
        -0.0907	           1.89	           2.18	         -8.212	         56.525	         -0.775	          1.254	          1.672	         -7.677	         55.742	       Laplace         Laplace    -0.091	     0.885	     0.784	     1.177	     1.386	    -0.775	     0.254	     0.064	     0.672	     0.451	    -0.782
         -0.488	           1.42	           1.64	         -7.087	         55.307	         -0.271	          1.324	          1.765	         -7.895	         55.978	        Normal          Normal    -0.488	     0.423	     0.179	     0.643	     0.414	    -0.271	     0.324	     0.105	     0.765	     0.586	     0.672
          0.811	           1.85	           2.14	         -8.137	         56.444	          0.382	          1.676	          2.235	         -8.839	         57.000	        Normal          Normal     0.811	     0.850	     0.723	     1.137	     1.292	     0.382	     0.676	     0.458	     1.235	     1.526	     0.556
         -0.298	           1.43	           1.65	         -7.098	         55.319	         -0.152	          1.349	          1.798	         -7.969	         56.059	        Normal          Normal    -0.298	     0.427	     0.182	     0.648	     0.420	    -0.152	     0.349	     0.122	     0.798	     0.637	     0.740
          -2.66	            1.1	           1.27	         -6.044	         54.179	         -3.131	          0.831	          1.108	         -6.033	         53.964	       Laplace         Laplace    -2.658	     0.097	     0.009	     0.266	     0.071	    -3.131	    -0.169	     0.028	     0.108	     0.012	    -0.215
           0.34	           1.15	           1.32	         -6.223	         54.372	          0.813	          0.789	          1.052	         -5.825	         53.738	       Laplace         Laplace     0.340	     0.147	     0.021	     0.324	     0.105	     0.813	    -0.211	     0.045	     0.052	     0.003	    -0.634
         -0.251	           0.69	          0.797	         -4.190	         52.173	          0.010	          0.456	          0.607	         -3.627	         51.360	       Laplace         Laplace    -0.251	    -0.310	     0.096	    -0.203	     0.041	     0.010	    -0.544	     0.296	    -0.393	     0.154	    -0.813
         -0.482	           1.17	           1.35	         -6.295	         54.450	         -0.164	          0.835	          1.114	         -6.052	         53.985	       Laplace         Laplace    -0.482	     0.167	     0.028	     0.348	     0.121	    -0.164	    -0.165	     0.027	     0.114	     0.013	    -0.466
        -0.0943	           1.31	           1.52	         -6.765	         54.959	          0.506	          0.887	          1.182	         -6.292	         54.244	       Laplace         Laplace    -0.094	     0.313	     0.098	     0.516	     0.266	     0.506	    -0.113	     0.013	     0.182	     0.033	    -0.715
         -0.168	           1.13	           1.31	         -6.170	         54.315	          0.301	          0.877	          1.170	         -6.250	         54.198	        Normal         Laplace    -0.168	     0.132	     0.017	     0.307	     0.094	     0.301	    -0.123	     0.015	     0.170	     0.029	    -0.117
         -0.238	           1.15	           1.33	         -6.248	         54.399	          0.290	          0.821	          1.095	         -5.984	         53.910	       Laplace         Laplace    -0.238	     0.154	     0.024	     0.332	     0.110	     0.290	    -0.179	     0.032	     0.095	     0.009	    -0.489
          0.142	          0.868	              1	         -5.109	         53.167	          0.048	          0.628	          0.837	         -4.910	         52.749	       Laplace         Laplace     0.142	    -0.132	     0.017	     0.002	     0.000	     0.048	    -0.372	     0.139	    -0.163	     0.027	    -0.418
          0.973	          0.836	          0.966	         -4.960	         53.006	          1.405	          0.538	          0.718	         -4.297	         52.085	       Laplace         Laplace     0.973	    -0.164	     0.027	    -0.034	     0.001	     1.405	    -0.462	     0.213	    -0.282	     0.080	    -0.921
           1.31	           1.26	           1.45	         -6.594	         54.774	          1.525	          1.097	          1.463	         -7.143	         55.164	        Normal          Normal     1.310	     0.258	     0.067	     0.453	     0.205	     1.525	     0.097	     0.009	     0.463	     0.214	     0.391
        -0.0403	          0.316	          0.365	         -1.066	         48.792	         -0.194	          0.223	          0.297	         -0.766	         48.264	       Laplace         Laplace    -0.040	    -0.684	     0.468	    -0.635	     0.404	    -0.194	    -0.777	     0.604	    -0.703	     0.494	    -0.528
          0.638	          0.357	          0.413	         -1.559	         49.326	          0.739	          0.310	          0.414	         -2.091	         49.698	        Normal          Normal     0.638	    -0.643	     0.413	    -0.587	     0.345	     0.739	    -0.690	     0.476	    -0.586	     0.344	     0.373
         -0.642	          0.669	          0.772	         -4.067	         52.039	         -0.434	          0.458	          0.610	         -3.645	         51.379	       Laplace         Laplace    -0.642	    -0.331	     0.110	    -0.228	     0.052	    -0.434	    -0.542	     0.294	    -0.390	     0.152	    -0.660
         0.0338	           1.04	           1.21	         -5.849	         53.968	          0.557	          0.696	          0.928	         -5.322	         53.194	       Laplace         Laplace     0.034	     0.044	     0.002	     0.206	     0.042	     0.557	    -0.304	     0.093	    -0.072	     0.005	    -0.774
           0.89	           2.43	            2.8	         -9.219	         57.614	          0.022	          1.938	          2.585	         -9.420	         57.629	        Normal          Normal     0.890	     1.425	     2.031	     1.800	     3.241	     0.022	     0.938	     0.881	     1.585	     2.511	     0.014
          0.343	          0.249	          0.288	         -0.118	         47.767	          0.383	          0.177	          0.236	          0.148	         47.275	       Laplace         Laplace     0.343	    -0.751	     0.564	    -0.712	     0.507	     0.383	    -0.823	     0.677	    -0.764	     0.583	    -0.491
            1.9	           3.82	           4.42	        -11.041	         59.586	         -0.105	          2.556	          3.407	        -10.526	         58.825	       Laplace         Laplace     1.900	     2.825	     7.978	     3.416	    11.670	    -0.105	     1.556	     2.420	     2.407	     5.795	    -0.761
           1.18	           2.06	           2.38	         -8.570	         56.911	          0.800	          1.444	          1.926	         -8.243	         56.355	       Laplace         Laplace     1.184	     1.062	     1.127	     1.381	     1.906	     0.800	     0.444	     0.197	     0.926	     0.857	    -0.557
         -0.727	          0.475	          0.548	         -2.695	         50.555	         -0.644	          0.455	          0.607	         -3.625	         51.358	        Normal          Normal    -0.727	    -0.525	     0.276	    -0.452	     0.204	    -0.644	    -0.545	     0.297	    -0.393	     0.154	     0.803
         -0.146	           1.17	           1.35	         -6.287	         54.442	         -0.110	          0.896	          1.194	         -6.332	         54.287	        Normal         Laplace    -0.146	     0.165	     0.027	     0.345	     0.119	    -0.110	    -0.104	     0.011	     0.194	     0.038	    -0.155
         -0.478	          0.452	          0.522	         -2.498	         50.342	         -0.406	          0.395	          0.526	         -3.055	         50.741	        Normal          Normal    -0.478	    -0.548	     0.301	    -0.478	     0.229	    -0.406	    -0.605	     0.366	    -0.474	     0.224	     0.399
        -0.0595	          0.943	           1.09	         -5.442	         53.528	          0.359	          0.661	          0.882	         -5.120	         52.975	       Laplace         Laplace    -0.059	    -0.057	     0.003	     0.089	     0.008	     0.359	    -0.339	     0.115	    -0.118	     0.014	    -0.552
         -0.632	          0.459	           0.53	         -2.560	         50.408	         -0.837	          0.346	          0.462	         -2.530	         50.173	       Laplace         Laplace    -0.632	    -0.541	     0.293	    -0.470	     0.221	    -0.837	    -0.654	     0.427	    -0.538	     0.290	    -0.235
         -0.625	            1.3	            1.5	         -6.718	         54.908	          0.067	          0.806	          1.075	         -5.912	         53.833	       Laplace         Laplace    -0.625	     0.298	     0.089	     0.498	     0.248	     0.067	    -0.194	     0.037	     0.075	     0.006	    -1.075
          0.974	           1.02	           1.18	         -5.746	         53.856	          0.796	          0.967	          1.289	         -6.636	         54.616	        Normal          Normal     0.974	     0.018	     0.000	     0.175	     0.031	     0.796	    -0.033	     0.001	     0.289	     0.083	     0.760
          0.622	           1.08	           1.25	         -5.989	         54.120	          0.244	          0.909	          1.212	         -6.392	         54.352	        Normal          Normal     0.622	     0.082	     0.007	     0.249	     0.062	     0.244	    -0.091	     0.008	     0.212	     0.045	     0.232
           1.54	           1.29	           1.49	         -6.703	         54.892	          1.153	          1.067	          1.423	         -7.033	         55.045	        Normal          Normal     1.537	     0.293	     0.086	     0.493	     0.243	     1.153	     0.067	     0.005	     0.423	     0.179	     0.153
            1.6	           1.15	           1.33	         -6.252	         54.404	          1.566	          1.042	          1.389	         -6.936	         54.941	        Normal          Normal     1.595	     0.155	     0.024	     0.334	     0.111	     1.566	     0.042	     0.002	     0.389	     0.151	     0.537
         0.0857	          0.469	          0.541	         -2.643	         50.499	          0.191	          0.329	          0.439	         -2.329	         49.956	       Laplace         Laplace     0.086	    -0.531	     0.282	    -0.459	     0.211	     0.191	    -0.671	     0.450	    -0.561	     0.315	    -0.543
             -1	          0.764	          0.882	         -4.598	         52.614	         -1.065	          0.579	          0.772	         -4.585	         52.397	       Laplace         Laplace    -1.001	    -0.236	     0.056	    -0.118	     0.014	    -1.065	    -0.421	     0.177	    -0.228	     0.052	    -0.217
          0.255	           1.64	           1.89	         -7.656	         55.922	          0.283	          1.503	          2.004	         -8.403	         56.528	        Normal          Normal     0.255	     0.640	     0.410	     0.894	     0.800	     0.283	     0.503	     0.253	     1.004	     1.009	     0.605
          0.713	          0.712	          0.823	         -4.320	         52.313	          0.929	          0.566	          0.754	         -4.494	         52.298	        Normal         Laplace     0.713	    -0.288	     0.083	    -0.177	     0.031	     0.929	    -0.434	     0.189	    -0.246	     0.060	    -0.015
         -0.246	           1.01	           1.16	         -5.699	         53.805	         -0.318	          0.980	          1.306	         -6.690	         54.674	        Normal          Normal    -0.246	     0.006	     0.000	     0.161	     0.026	    -0.318	    -0.020	     0.000	     0.306	     0.094	     0.869
          0.139	           1.44	           1.66	         -7.135	         55.360	          0.066	          1.337	          1.783	         -7.935	         56.022	        Normal          Normal     0.139	     0.440	     0.194	     0.663	     0.440	     0.066	     0.337	     0.114	     0.783	     0.613	     0.662
         0.0265	           1.23	           1.42	         -6.492	         54.664	         -0.463	          0.934	          1.246	         -6.502	         54.471	        Normal         Laplace     0.027	     0.226	     0.051	     0.416	     0.173	    -0.463	    -0.066	     0.004	     0.246	     0.061	    -0.193
         -0.316	          0.475	          0.549	         -2.700	         50.560	         -0.275	          0.394	          0.526	         -3.050	         50.735	        Normal          Normal    -0.316	    -0.525	     0.275	    -0.451	     0.204	    -0.275	    -0.606	     0.367	    -0.474	     0.225	     0.175
          -1.29	           1.32	           1.52	         -6.777	         54.972	         -1.158	          1.188	          1.585	         -7.463	         55.511	        Normal          Normal    -1.287	     0.317	     0.100	     0.521	     0.271	    -1.158	     0.188	     0.036	     0.585	     0.342	     0.539
         -0.306	          0.816	          0.942	         -4.863	         52.901	         -0.389	          0.748	          0.998	         -5.614	         53.510	        Normal          Normal    -0.306	    -0.184	     0.034	    -0.058	     0.003	    -0.389	    -0.252	     0.063	    -0.002	     0.000	     0.609
         -0.364	          0.576	          0.665	         -3.467	         51.390	         -0.367	          0.435	          0.581	         -3.448	         51.166	       Laplace         Laplace    -0.364	    -0.424	     0.180	    -0.335	     0.112	    -0.367	    -0.565	     0.319	    -0.419	     0.176	    -0.224
          -1.11	           1.37	           1.58	         -6.927	         55.134	         -0.614	          1.072	          1.429	         -7.050	         55.064	        Normal         Laplace    -1.115	     0.367	     0.135	     0.579	     0.335	    -0.614	     0.072	     0.005	     0.429	     0.184	    -0.071
       -0.00125	           1.12	            1.3	         -6.138	         54.281	         -0.085	          0.999	          1.332	         -6.768	         54.758	        Normal          Normal    -0.001	     0.123	     0.015	     0.296	     0.088	    -0.085	    -0.001	     0.000	     0.332	     0.110	     0.478
         -0.353	           2.18	           2.52	         -8.793	         57.153	         -0.666	          1.967	          2.622	         -9.478	         57.691	        Normal          Normal    -0.353	     1.180	     1.393	     1.517	     2.302	    -0.666	     0.967	     0.934	     1.622	     2.631	     0.537
          0.634	          0.668	          0.772	         -4.063	         52.035	          0.900	          0.526	          0.701	         -4.201	         51.981	        Normal         Laplace     0.634	    -0.332	     0.110	    -0.228	     0.052	     0.900	    -0.474	     0.225	    -0.299	     0.089	    -0.054
         -0.291	           2.09	           2.42	         -8.627	         56.974	         -0.464	          1.568	          2.090	         -8.571	         56.709	       Laplace         Laplace    -0.291	     1.092	     1.192	     1.415	     2.003	    -0.464	     0.568	     0.322	     1.090	     1.188	    -0.265
         0.0178	          0.458	          0.528	         -2.548	         50.396	         -0.011	          0.352	          0.469	         -2.593	         50.242	        Normal         Laplace     0.018	    -0.542	     0.294	    -0.472	     0.222	    -0.011	    -0.648	     0.420	    -0.531	     0.282	    -0.155
        -0.0173	         0.0779	         0.0899	          4.536	         42.731	          0.011	          0.062	          0.083	          4.334	         42.746	        Normal          Normal    -0.017	    -0.922	     0.850	    -0.910	     0.828	     0.011	    -0.938	     0.879	    -0.917	     0.841	     0.016
         -0.145	           1.22	           1.41	         -6.465	         54.634	         -0.780	          0.737	          0.983	         -5.553	         53.444	       Laplace         Laplace    -0.145	     0.218	     0.048	     0.407	     0.165	    -0.780	    -0.263	     0.069	    -0.017	     0.000	    -1.190
           0.19	          0.893	           1.03	         -5.223	         53.290	          0.274	          0.752	          1.003	         -5.634	         53.532	        Normal          Normal     0.190	    -0.107	     0.011	     0.031	     0.001	     0.274	    -0.248	     0.061	     0.003	     0.000	     0.242
          0.255	          0.297	          0.342	         -0.814	         48.520	          0.300	          0.227	          0.303	         -0.846	         48.351	        Normal         Laplace     0.255	    -0.703	     0.495	    -0.658	     0.432	     0.300	    -0.773	     0.597	    -0.697	     0.486	    -0.169
          0.819	           1.01	           1.17	         -5.711	         53.819	          1.149	          0.714	          0.952	         -5.426	         53.307	       Laplace         Laplace     0.819	     0.009	     0.000	     0.165	     0.027	     1.149	    -0.286	     0.082	    -0.048	     0.002	    -0.511
         0.0772	          0.461	          0.532	         -2.578	         50.428	         -0.149	          0.296	          0.394	         -1.900	         49.491	       Laplace         Laplace     0.077	    -0.539	     0.291	    -0.468	     0.219	    -0.149	    -0.704	     0.496	    -0.606	     0.367	    -0.937
          0.638	           1.74	           2.01	         -7.884	         56.170	          0.893	          1.470	          1.960	         -8.313	         56.430	        Normal          Normal     0.638	     0.737	     0.543	     1.006	     1.011	     0.893	     0.470	     0.221	     0.960	     0.921	     0.261
          -0.66	          0.717	          0.828	         -4.348	         52.343	         -0.647	          0.709	          0.945	         -5.394	         53.272	        Normal          Normal    -0.660	    -0.283	     0.080	    -0.172	     0.029	    -0.647	    -0.291	     0.085	    -0.055	     0.003	     0.929
         -0.644	           1.14	           1.31	         -6.190	         54.336	         -0.059	          0.769	          1.025	         -5.722	         53.627	       Laplace         Laplace    -0.644	     0.137	     0.019	     0.313	     0.098	    -0.059	    -0.231	     0.053	     0.025	     0.001	    -0.709
          0.212	          0.833	          0.962	         -4.944	         52.989	          0.475	          0.733	          0.977	         -5.529	         53.418	        Normal          Normal     0.212	    -0.167	     0.028	    -0.038	     0.001	     0.475	    -0.267	     0.071	    -0.023	     0.001	     0.429
          0.155	          0.184	          0.213	          1.091	         46.458	          0.100	          0.149	          0.199	          0.836	         46.531	        Normal          Normal     0.155	    -0.816	     0.666	    -0.787	     0.620	     0.100	    -0.851	     0.724	    -0.801	     0.642	     0.073
           0.26	          0.394	          0.454	         -1.946	         49.744	          0.417	          0.303	          0.404	         -1.993	         49.592	        Normal         Laplace     0.260	    -0.606	     0.368	    -0.546	     0.298	     0.417	    -0.697	     0.486	    -0.596	     0.356	    -0.152
           1.37	          0.576	          0.665	         -3.467	         51.390	          1.252	          0.524	          0.699	         -4.191	         51.971	        Normal          Normal     1.374	    -0.424	     0.180	    -0.335	     0.112	     1.252	    -0.476	     0.226	    -0.301	     0.090	     0.581
          0.382	           2.06	           2.37	         -8.558	         56.898	         -0.085	          1.589	          2.118	         -8.624	         56.767	        Normal         Laplace     0.382	     1.055	     1.114	     1.373	     1.886	    -0.085	     0.589	     0.347	     1.118	     1.251	    -0.131
         -0.489	          0.593	          0.684	         -3.582	         51.515	         -0.395	          0.570	          0.760	         -4.526	         52.333	        Normal          Normal    -0.489	    -0.407	     0.166	    -0.316	     0.100	    -0.395	    -0.430	     0.185	    -0.240	     0.057	     0.818
         -0.883	           1.01	           1.17	         -5.716	         53.824	         -0.757	          0.994	          1.326	         -6.750	         54.739	        Normal          Normal    -0.883	     0.010	     0.000	     0.166	     0.028	    -0.757	    -0.006	     0.000	     0.326	     0.106	     0.915
          0.724	          0.575	          0.664	         -3.463	         51.386	          0.727	          0.419	          0.559	         -3.295	         51.001	       Laplace         Laplace     0.724	    -0.425	     0.180	    -0.336	     0.113	     0.727	    -0.581	     0.337	    -0.441	     0.194	    -0.385
         -0.617	           0.45	           0.52	         -2.483	         50.325	         -0.538	          0.397	          0.530	         -3.082	         50.771	        Normal          Normal    -0.617	    -0.550	     0.302	    -0.480	     0.231	    -0.538	    -0.603	     0.363	    -0.470	     0.221	     0.446
          0.281	          0.893	           1.03	         -5.225	         53.293	          0.548	          0.703	          0.938	         -5.364	         53.240	        Normal         Laplace     0.281	    -0.107	     0.011	     0.032	     0.001	     0.548	    -0.297	     0.088	    -0.062	     0.004	    -0.053
          0.562	           2.14	           2.47	         -8.711	         57.064	          0.316	          1.996	          2.661	         -9.536	         57.754	        Normal          Normal     0.562	     1.136	     1.290	     1.466	     2.150	     0.316	     0.996	     0.991	     1.661	     2.758	     0.690
          0.221	           1.73	              2	         -7.868	         56.152	          0.732	          1.512	          2.016	         -8.426	         56.552	        Normal          Normal     0.221	     0.730	     0.533	     0.998	     0.995	     0.732	     0.512	     0.262	     1.016	     1.032	     0.400
          0.212	          0.184	          0.213	          1.088	         46.461	          0.234	          0.170	          0.227	          0.303	         47.107	        Normal          Normal     0.212	    -0.816	     0.665	    -0.787	     0.620	     0.234	    -0.830	     0.688	    -0.773	     0.597	     0.646
         -0.465	          0.644	          0.743	         -3.913	         51.873	         -0.314	          0.483	          0.644	         -3.862	         51.614	       Laplace         Laplace    -0.465	    -0.356	     0.127	    -0.257	     0.066	    -0.314	    -0.517	     0.267	    -0.356	     0.127	    -0.259
          0.418	          0.648	          0.748	         -3.940	         51.902	          0.315	          0.540	          0.721	         -4.312	         52.101	        Normal          Normal     0.418	    -0.352	     0.124	    -0.252	     0.063	     0.315	    -0.460	     0.211	    -0.279	     0.078	     0.199
          0.271	           1.51	           1.75	         -7.334	         55.574	          0.039	          1.352	          1.803	         -7.980	         56.070	        Normal          Normal     0.271	     0.514	     0.264	     0.748	     0.559	     0.039	     0.352	     0.124	     0.803	     0.645	     0.496
         -0.745	          0.671	          0.775	         -4.079	         52.052	         -0.704	          0.652	          0.870	         -5.063	         52.914	        Normal          Normal    -0.745	    -0.329	     0.108	    -0.225	     0.051	    -0.704	    -0.348	     0.121	    -0.130	     0.017	     0.862
          0.857	          0.681	          0.787	         -4.142	         52.120	          0.590	          0.561	          0.748	         -4.462	         52.264	        Normal          Normal     0.857	    -0.319	     0.101	    -0.213	     0.045	     0.590	    -0.439	     0.193	    -0.252	     0.063	     0.144
            0.2	          0.667	          0.771	         -4.058	         52.029	          0.106	          0.586	          0.782	         -4.637	         52.452	        Normal          Normal     0.200	    -0.333	     0.111	    -0.229	     0.053	     0.106	    -0.414	     0.171	    -0.218	     0.048	     0.423
         -0.847	           1.96	           2.26	         -8.370	         56.695	          0.165	          1.282	          1.710	         -7.767	         55.840	       Laplace         Laplace    -0.847	     0.961	     0.924	     1.265	     1.599	     0.165	     0.282	     0.080	     0.710	     0.504	    -0.856
         -0.089	           1.07	           1.24	         -5.954	         54.081	         -0.155	          1.060	          1.413	         -7.006	         55.016	        Normal          Normal    -0.089	     0.072	     0.005	     0.238	     0.057	    -0.155	     0.060	     0.004	     0.413	     0.171	     0.935
          0.261	           0.76	          0.878	         -4.579	         52.593	         -0.027	          0.631	          0.842	         -4.934	         52.774	        Normal          Normal     0.261	    -0.240	     0.058	    -0.122	     0.015	    -0.027	    -0.369	     0.136	    -0.158	     0.025	     0.181
          0.368	           1.21	            1.4	         -6.436	         54.603	          0.689	          0.953	          1.271	         -6.581	         54.557	        Normal         Laplace     0.368	     0.209	     0.044	     0.397	     0.157	     0.689	    -0.047	     0.002	     0.271	     0.073	    -0.047
          0.704	           1.04	            1.2	         -5.816	         53.932	          0.928	          0.982	          1.309	         -6.698	         54.683	        Normal          Normal     0.704	     0.036	     0.001	     0.196	     0.038	     0.928	    -0.018	     0.000	     0.309	     0.095	     0.751
         -0.162	           1.14	           1.31	         -6.194	         54.341	          0.100	          1.063	          1.417	         -7.016	         55.027	        Normal          Normal    -0.162	     0.138	     0.019	     0.314	     0.099	     0.100	     0.063	     0.004	     0.417	     0.174	     0.686
         -0.322	          0.287	          0.331	         -0.681	         48.375	         -0.331	          0.261	          0.348	         -1.396	         48.946	        Normal          Normal    -0.322	    -0.713	     0.509	    -0.669	     0.447	    -0.331	    -0.739	     0.546	    -0.652	     0.426	     0.571
         -0.241	          0.819	          0.946	         -4.879	         52.918	          0.035	          0.601	          0.801	         -4.736	         52.560	       Laplace         Laplace    -0.241	    -0.181	     0.033	    -0.054	     0.003	     0.035	    -0.399	     0.159	    -0.199	     0.039	    -0.358
          0.677	          0.525	          0.606	         -3.095	         50.988	          0.558	          0.410	          0.547	         -3.209	         50.907	        Normal         Laplace     0.677	    -0.475	     0.226	    -0.394	     0.155	     0.558	    -0.590	     0.348	    -0.453	     0.205	    -0.080
          0.233	           1.14	           1.31	         -6.186	         54.332	          0.356	          1.118	          1.491	         -7.219	         55.246	        Normal          Normal     0.233	     0.136	     0.019	     0.312	     0.097	     0.356	     0.118	     0.014	     0.491	     0.241	     0.914
         -0.383	          0.506	          0.584	         -2.949	         50.830	         -0.273	          0.478	          0.637	         -3.820	         51.569	        Normal          Normal    -0.383	    -0.494	     0.244	    -0.416	     0.173	    -0.273	    -0.522	     0.272	    -0.363	     0.132	     0.739
          0.137	          0.561	          0.648	         -3.364	         51.279	          0.201	          0.417	          0.556	         -3.272	         50.975	       Laplace         Laplace     0.137	    -0.439	     0.193	    -0.352	     0.124	     0.201	    -0.583	     0.340	    -0.444	     0.197	    -0.304
